    1     0     0     0     0
    2     0     0     0     0
    3     0     0     0     0
    4     0     0     0     0
    5     0     0     0     0
    6     0     0     0     0
    7     0     0     0     0
    8     0     0     0     0
    9     0     0     0     0
   10     0     0     0     0
   11     0     0     0     0
   12     0     0     0     0
   13     0     0     0     0
   14     0     0     0     0
   15     0     0     0     0
   16     0     0     0     0
   17     0     0     0     0
   18     0     0     0     0
   19     0     0     0     0
   20     0     0     0     0
   21     0     0     0     0
   22     0     0     0     0
   23     0     0     0     0
   24     0     0     0     0
   25     0     0     0     0
   26    36    73    36    73
   27    89   100    89   100
   28    17    33    17    33
   29     1     3     1     3
   30    73   100    73   100
   31    89   100    89   100
   32     0     0     0     0
   33    57   100    57   100
   34     0     0     0     0
   35     0     0     0     0
   36     0     0     0     0
   37     0     0     0     0
   38     0     0     0     0
   39     0     0     0     0
   40     0     0     0     0
   41     0     0     0     0
   42     0     0     0     0
   43     0     0     0     0
   44     0     0     0     0
   45     0     0     0     0
   46     0     0     0     0
   47     0     0     0     0
   48     0     0     0     0
   49     0     0     0     0
   50     0     0     0     0
   51     0     0     0     0
   52     0     0     0     0
   53     0     0     0     0
   54     0     0     0     0
   55     0     0     0     0
   56     0     0     0     0
   57     0     0     0     0
   58     0     0     0     0
   59     0     0     0     0
   60     0     0     0     0
   61     0     0     0     0
   62     0     0     0     0
   63     0     0     0     0
   64     0     0     0     0
   65     0     0     0     0
   66     0     0     0     0
   67     0     0     0     0
   68     0     0     0     0
   69     0     0     0     0
   70     0     0     0     0
   71     0     0     0     0
   72     0     0     0     0
   73     0     0     0     0
   74     0     0     0     0
   75     0     0     0     0
   76     0     0     0     0
   77     0     0     0     0
   78     0     0     0     0
   79     0     0     0     0
   80     0     0     0     0
   81   100   100   100   100
   82     0     0     0     0
   83     0     0     0     0
   84     0     0     0     0
   85   100   100   100   100
   86     0     0     0     0
   87     0     0     0     0
   88     0     0     0     0
   89    98   100    98   100
   90    64   100    64   100
   91   100   100   100   100
   92    95   100    95   100
   93   100   100   100   100
   94   100   100   100   100
   95   100   100   100   100
   96    96   100    96   100
   97    35    71    35    71
   98   100   100   100   100
   99     0     0     0     0
  100     0     0     0     0
  101     0     0     0     0
  102     0     0     0     0
  103     0     0     0     0
  104     0     0     0     0
  105     0     0     0     0
  106     0     0     0     0
  107     0     0     0     0
  108     0     0     0     0
  109     0     0     0     0
  110     0     0     0     0
  111     0     0     0     0
  112     0     0     0     0
  113     0     0     0     0
  114   100   100   100   100
  115     0     0     0     0
  116     0     0     0     0
  117     0     0     0     0
  118     0     0     0     0
  119     0     0     0     0
  120     0     0     0     0
  121     0     0     0     0
  122     0     0     0     0
  123     0     0     0     0
  124     0     0     0     0
  125     0     0     0     0
  126     0     0     0     0
  127     0     0     0     0
  128    67   100    67   100
  129    39    77    39    77
  130    57   100    57   100
  131   100   100   100   100
  132     0     0     0     0
  133   100   100   100   100
  134   100   100   100   100
  135   100   100   100   100
  136   100   100   100   100
  137   100   100   100   100
  138     0     0     0     0
  139     0     0     0     0
  140     0     0     0     0
  141     0     0     0     0
  142     0     0     0     0
  143     0     0     0     0
  144    11    22    11    22
  145     0     0     0     0
  146     2     5     2     5
  147     0     0     0     0
  148    17    34    17    34
  149     7    14     7    14
  150     0     0     0     0
  151     0     0     0     0
  152     0     0     0     0
  153     0     0     0     0
  154    29    58    29    58
  155     6    12     6    12
  156    35    70    35    70
  157    89   100    89   100
  158    91   100    91   100
  159    22    44    22    44
  160     5    11     5    11
  161   100   100   100   100
  162    58   100    58   100
  163     1     1     1     1
  164   100   100   100   100
  165    20    41    20    41
  166    86   100    86   100
  167    68   100    68   100
  168    74   100    74   100
  169    26    51    26    51
  170    85   100    85   100
  171   100   100   100   100
  172    60   100    60   100
  173    78   100    78   100
  174   100   100   100   100
  175   100   100   100   100
  176   100   100   100   100
  177   100   100   100   100
  178   100   100   100   100
  179    97   100    97   100
  180   100   100   100   100
  181   100   100   100   100
  182   100   100   100   100
  183   100   100   100   100
  184   100   100   100   100
  185    65   100    65   100
  186    36    72    36    72
  187   100   100   100   100
  188   100   100   100   100
  189    84   100    84   100
  190    94   100    94   100
  191   100   100   100   100
  192    99   100    99   100
  193   100   100   100   100
  194    96   100    96   100
  195   100   100   100   100
  196    80   100    80   100
  197    90   100    90   100
  198   100   100   100   100
  199   100   100   100   100
  200     6    13     6    13
  201    27    53    27    53
  202   100   100   100   100
  203   100   100   100   100
  204   100   100   100   100
  205   100   100   100   100
  206    95   100    95   100
  207    27    55    27    55
  208   100   100   100   100
  209   100   100   100   100
  210   100   100   100   100
  211   100   100   100   100
  212   100   100   100   100
  213   100   100   100   100
  214   100   100   100   100
  215   100   100   100   100
  216   100   100   100   100
  217   100   100   100   100
  218   100   100   100   100
  219   100   100   100   100
  220   100   100   100   100
  221   100   100   100   100
  222   100   100   100   100
  223    99   100    99   100
  224   100   100   100   100
  225   100   100   100   100
  226   100   100   100   100
  227    80   100    80   100
  228    60   100    60   100
  229    63   100    63   100
  230   100   100   100   100
  231    70   100    70   100
  232   100   100   100   100
  233    48    97    48    97
  234    16    31    16    31
  235    44    88    44    88
  236   100   100   100   100
  237    98   100    98   100
  238   100   100   100   100
  239    26    51    26    51
  240   100   100   100   100
  241   100   100   100   100
  242   100   100   100   100
  243   100   100   100   100
  244   100   100   100   100
  245   100   100   100   100
  246   100   100   100   100
  247    46    93    46    93
  248   100   100   100   100
  249   100   100   100   100
  250    27    54    27    54
  251    99   100    99   100
  252   100   100   100   100
  253    16    32    16    32
  254    99   100    99   100
  255   100   100   100   100
  256    24    47    24    47
  257    18    36    18    36
  258   100   100   100   100
  259   100   100   100   100
  260    20    40    20    40
  261   100   100   100   100
  262   100   100   100   100
  263    95   100    95   100
  264   100   100   100   100
  265   100   100   100   100
  266   100   100   100   100
  267   100   100   100   100
  268   100   100   100   100
  269    96   100    96   100
  270   100   100   100   100
  271   100   100   100   100
  272   100   100   100   100
  273   100   100   100   100
  274   100   100   100   100
  275   100   100   100   100
  276   100   100   100   100
  277    23    45    23    45
  278   100   100   100   100
  279    99   100    99   100
  280    89   100    89   100
  281   100   100   100   100
  282   100   100   100   100
  283   100   100   100   100
  284   100   100   100   100
  285    97   100    97   100
  286   100   100   100   100
  287   100   100   100   100
  288   100   100   100   100
  289   100   100   100   100
  290   100   100   100   100
  291   100   100   100   100
  292   100   100   100   100
  293   100   100   100   100
  294   100   100   100   100
  295    46    92    46    92
  296   100   100   100   100
  297    94   100    94   100
  298   100   100   100   100
  299    50   100    50   100
  300    77   100    77   100
  301     1     2     1     2
  302   100   100   100   100
  303   100   100   100   100
  304   100   100   100   100
  305    88   100    88   100
  306    69   100    69   100
  307    97   100    97   100
  308    79   100    79   100
  309   100   100   100   100
  310    49    99    49    99
  311   100   100   100   100
  312   100   100   100   100
  313   100   100   100   100
  314   100   100   100   100
  315   100   100   100   100
  316    49    98    49    98
  317   100   100   100   100
  318   100   100   100   100
  319   100   100   100   100
  320    95   100    95   100
  321    63   100    63   100
  322   100   100   100   100
  323    38    75    38    75
  324    33    66    33    66
  325   100   100   100   100
  326   100   100   100   100
  327   100   100   100   100
  328    92   100    92   100
  329    89   100    89   100
  330    88   100    88   100
  331   100   100   100   100
  332   100   100   100   100
  333   100   100   100   100
  334    16    33    16    33
  335    83   100    83   100
  336   100   100   100   100
  337    28    56    28    56
  338   100   100   100   100
  339    93   100    93   100
  340   100   100   100   100
  341    47    95    47    95
  342    75   100    75   100
  343   100   100   100   100
  344   100   100   100   100
  345   100   100   100   100
  346   100   100   100   100
  347    97   100    97   100
  348   100   100   100   100
  349   100   100   100   100
  350    99   100    99   100
  351   100   100   100   100
  352    64   100    64   100
  353    32    63    32    63
  354   100   100   100   100
  355   100   100   100   100
  356   100   100   100   100
  357   100   100   100   100
  358    96   100    96   100
  359   100   100   100   100
  360   100   100   100   100
  361   100   100   100   100
  362   100   100   100   100
  363   100   100   100   100
  364    10    19    10    19
  365   100   100   100   100
  366   100   100   100   100
  367   100   100   100   100
  368    23    45    23    45
  369    91   100    91   100
  370    71   100    71   100
  371   100   100   100   100
  372    34    68    34    68
  373    77   100    77   100
  374   100   100   100   100
  375   100   100   100   100
  376   100   100   100   100
  377    92   100    92   100
  378   100   100   100   100
  379   100   100   100   100
  380   100   100   100   100
  381    61   100    61   100
  382   100   100   100   100
  383    79   100    79   100
  384    98   100    98   100
  385    23    46    23    46
  386    89   100    89   100
  387    95   100    95   100
  388   100   100   100   100
  389    79   100    79   100
  390    98   100    98   100
  391   100   100   100   100
  392   100   100   100   100
  393    15    30    15    30
  394    95   100    95   100
  395   100   100   100   100
  396    85   100    85   100
  397   100   100   100   100
  398   100   100   100   100
  399    99   100    99   100
  400   100   100   100   100
  401   100   100   100   100
  402    17    33    17    33
  403     9    18     9    18
  404    46    91    46    91
  405   100   100   100   100
  406   100   100   100   100
  407   100   100   100   100
  408   100   100   100   100
  409   100   100   100   100
  410   100   100   100   100
  411   100   100   100   100
  412   100   100   100   100
  413   100   100   100   100
  414   100   100   100   100
  415   100   100   100   100
  416   100   100   100   100
  417   100   100   100   100
  418   100   100   100   100
  419   100   100   100   100
  420   100   100   100   100
  421   100   100   100   100
  422   100   100   100   100
  423   100   100   100   100
  424   100   100   100   100
  425   100   100   100   100
  426   100   100   100   100
  427   100   100   100   100
  428   100   100   100   100
  429   100   100   100   100
  430   100   100   100   100
  431    99   100    99   100
  432   100   100   100   100
  433   100   100   100   100
  434    50    99    50    99
  435   100   100   100   100
  436    37    74    37    74
  437    67   100    67   100
  438   100   100   100   100
  439   100   100   100   100
  440    53   100    53   100
  441    69   100    69   100
  442    85   100    85   100
  443   100   100   100   100
  444    97   100    97   100
  445   100   100   100   100
  446    80   100    80   100
  447   100   100   100   100
  448   100   100   100   100
  449   100   100   100   100
  450   100   100   100   100
  451    44    88    44    88
  452    76   100    76   100
  453    86   100    86   100
  454    92   100    92   100
  455   100   100   100   100
  456   100   100   100   100
  457    28    55    28    55
  458   100   100   100   100
  459    59   100    59   100
  460    27    55    27    55
  461    99   100    99   100
  462   100   100   100   100
  463    73   100    73   100
  464    73   100    73   100
  465   100   100   100   100
  466    39    78    39    78
  467   100   100   100   100
  468    93   100    93   100
  469    79   100    79   100
  470   100   100   100   100
  471    61   100    61   100
  472    78   100    78   100
  473   100   100   100   100
  474   100   100   100   100
  475   100   100   100   100
  476   100   100   100   100
  477   100   100   100   100
  478   100   100   100   100
  479   100   100   100   100
  480   100   100   100   100
  481   100   100   100   100
  482   100   100   100   100
  483   100   100   100   100
  484     7    14     7    14
  485   100   100   100   100
  486   100   100   100   100
  487   100   100   100   100
  488    16    31    16    31
  489   100   100   100   100
  490    98   100    98   100
  491    30    59    30    59
  492    99   100    99   100
  493   100   100   100   100
  494   100   100   100   100
  495   100   100   100   100
  496    65   100    65   100
  497   100   100   100   100
  498    22    45    22    45
  499   100   100   100   100
  500   100   100   100   100
  501   100   100   100   100
  502   100   100   100   100
  503   100   100   100   100
  504   100   100   100   100
  505   100   100   100   100
  506   100   100    63   100
  507    94   100    94   100
  508   100   100    71   100
  509    82   100    82   100
  510   100   100    81   100
  511   100   100    45    89
  512   100   100    62   100
  513   100   100   100   100
  514    94   100    65   100
  515    75   100    75   100
  516    99   100    48    95
  517   100   100   100   100
  518   100   100   100   100
  519    70   100    48    95
  520    69   100    69   100
  521    90   100    90   100
  522    51   100    51   100
  523    93   100    93   100
  524   100   100   100   100
  525   100   100     0     0
  526    31    63    31    63
  527   100   100   100   100
  528   100   100   100   100
  529   100   100    78   100
  530   100   100   100   100
  531   100   100     0     0
  532    64   100    13    26
  533    98   100    98   100
  534   100   100    81   100
  535    81   100    11    22
  536    16    32    16    32
  537   100   100    78   100
  538   100   100   100   100
  539    92   100     0     0
  540    90   100     0     0
  541   100   100   100   100
  542    99   100    97   100
  543   100   100   100   100
  544     4     8     0     0
  545    99   100    60   100
  546    97   100     0     0
  547     7    14     0     0
  548     4     8     0     0
  549    18    35    10    20
  550   100   100   100   100
  551    82   100    42    84
  552    36    73    36    73
  553    66   100     0     0
  554   100   100   100   100
  555   100   100   100   100
  556    33    66    33    66
  557    22    45    22    45
  558   100   100   100   100
  559     4     7     0     0
  560   100   100   100   100
  561   100   100   100   100
  562   100   100   100   100
  563   100   100   100   100
  564   100   100   100   100
  565   100   100   100   100
  566   100   100   100   100
  567   100   100   100   100
  568    22    45    22    45
  569    33    66    33    66
  570    84   100    84   100
  571   100   100   100   100
  572   100   100   100   100
  573   100   100   100   100
  574    49    97    49    97
  575    33    66    33    66
  576   100   100   100   100
  577   100   100   100   100
  578     1     2     1     2
  579    12    25    12    25
  580    58   100    58   100
  581     2     3     2     3
  582   100   100   100   100
  583   100   100   100   100
  584   100   100   100   100
  585   100   100   100   100
  586   100   100   100   100
  587   100   100   100   100
  588   100   100   100   100
  589   100   100   100   100
  590    70   100    70   100
  591   100   100   100   100
  592   100   100   100   100
  593   100   100   100   100
  594   100   100   100   100
  595   100   100   100   100
  596   100   100   100   100
  597   100   100   100   100
  598   100   100   100   100
  599   100   100   100   100
  600    36    72    36    72
  601   100   100   100   100
  602   100   100   100   100
  603   100   100   100   100
  604   100   100   100   100
  605   100   100   100   100
  606   100   100   100   100
  607   100   100   100   100
  608   100   100   100   100
  609   100   100   100   100
  610   100   100   100   100
  611   100   100   100   100
  612   100   100   100   100
  613   100   100   100   100
  614   100   100   100   100
  615   100   100   100   100
  616   100   100   100   100
  617   100   100   100   100
  618    67   100    67   100
  619   100   100   100   100
  620   100   100   100   100
  621   100   100   100   100
  622   100   100   100   100
  623   100   100   100   100
  624   100   100   100   100
  625   100   100   100   100
  626   100   100   100   100
  627   100   100   100   100
  628   100   100   100   100
  629   100   100   100   100
  630   100   100   100   100
  631   100   100   100   100
  632   100   100   100   100
  633   100   100   100   100
  634   100   100   100   100
  635   100   100   100   100
  636   100   100   100   100
  637   100   100   100   100
  638   100   100   100   100
  639   100   100   100   100
  640   100   100   100   100
  641   100   100   100   100
  642   100   100   100   100
  643   100   100   100   100
  644   100   100   100   100
  645   100   100   100   100
  646   100   100   100   100
  647   100   100   100   100
  648   100   100   100   100
  649   100   100   100   100
  650   100   100   100   100
  651   100   100   100   100
  652   100   100   100   100
  653   100   100   100   100
  654   100   100   100   100
  655   100   100   100   100
  656   100   100   100   100
  657   100   100   100   100
  658   100   100   100   100
  659   100   100   100   100
  660   100   100   100   100
  661   100   100   100   100
  662   100   100   100   100
  663   100   100   100   100
  664   100   100   100   100
  665   100   100   100   100
  666   100   100   100   100
  667   100   100   100   100
  668   100   100   100   100
  669   100   100   100   100
  670   100   100   100   100
  671   100   100   100   100
  672   100   100   100   100
  673   100   100   100   100
  674   100   100   100   100
  675   100   100   100   100
  676   100   100   100   100
  677   100   100   100   100
  678   100   100   100   100
  679   100   100   100   100
  680   100   100   100   100
  681   100   100   100   100
  682   100   100   100   100
  683   100   100   100   100
  684   100   100   100   100
  685   100   100   100   100
  686   100   100   100   100
  687   100   100   100   100
  688   100   100   100   100
  689   100   100   100   100
  690   100   100   100   100
  691   100   100   100   100
  692   100   100   100   100
  693   100   100   100   100
  694   100   100   100   100
  695   100   100   100   100
  696   100   100   100   100
  697   100   100   100   100
  698   100   100   100   100
  699   100   100   100   100
  700   100   100   100   100
  701   100   100   100   100
  702   100   100   100   100
  703   100   100   100   100
  704   100   100   100   100
  705   100   100   100   100
  706   100   100   100   100
  707   100   100   100   100
  708   100   100   100   100
  709   100   100   100   100
  710   100   100   100   100
  711   100   100   100   100
  712   100   100   100   100
  713   100   100   100   100
  714   100   100   100   100
  715   100   100   100   100
  716   100   100   100   100
  717   100   100   100   100
  718   100   100   100   100
  719   100   100   100   100
  720   100   100   100   100
  721   100   100   100   100
  722   100   100   100   100
  723   100   100   100   100
  724   100   100   100   100
  725   100   100   100   100
  726   100   100   100   100
  727   100   100   100   100
  728   100   100   100   100
  729   100   100   100   100
  730   100   100   100   100
  731   100   100   100   100
  732   100   100   100   100
  733   100   100   100   100
  734   100   100   100   100
  735   100   100   100   100
  736   100   100   100   100
  737   100   100   100   100
  738   100   100   100   100
  739   100   100   100   100
  740   100   100   100   100
  741   100   100   100   100
  742   100   100   100   100
  743   100   100   100   100
  744   100   100   100   100
  745   100   100   100   100
  746   100   100   100   100
  747   100   100   100   100
  748   100   100   100   100
  749   100   100   100   100
  750   100   100   100   100
  751   100   100   100   100
  752   100   100   100   100
  753   100   100   100   100
  754   100   100   100   100
  755   100   100   100   100
  756   100   100   100   100
  757   100   100   100   100
  758   100   100   100   100
  759   100   100   100   100
  760   100   100   100   100
  761   100   100   100   100
  762   100   100   100   100
  763   100   100   100   100
  764   100   100   100   100
  765   100   100   100   100
  766   100   100   100   100
  767   100   100   100   100
  768   100   100   100   100
  769   100   100   100   100
  770   100   100   100   100
  771   100   100   100   100
  772    90   100    90   100
  773   100   100   100   100
  774   100   100   100   100
  775   100   100   100   100
  776   100   100   100   100
  777   100   100   100   100
  778    93   100    93   100
  779    46    92    46    92
  780   100   100   100   100
  781   100   100   100   100
  782   100   100   100   100
  783    83   100    83   100
  784    93   100    93   100
  785    69   100    69   100
  786    89   100    89   100
  787    56   100    56   100
  788    91   100    91   100
  789   100   100   100   100
  790   100   100   100   100
  791   100   100   100   100
  792   100   100   100   100
  793   100   100   100   100
  794   100   100   100   100
  795   100   100   100   100
  796    27    54    27    54
  797   100   100   100   100
  798    98   100    98   100
  799   100   100   100   100
  800    93   100    93   100
  801   100   100   100   100
  802   100   100   100   100
  803   100   100   100   100
  804    82   100    82   100
  805    96   100    96   100
  806   100   100   100   100
  807   100   100   100   100
  808   100   100   100   100
  809    23    45    23    45
  810   100   100   100   100
  811   100   100   100   100
  812   100   100   100   100
  813   100   100   100   100
  814   100   100   100   100
  815   100   100   100   100
  816   100   100   100   100
  817   100   100   100   100
  818   100   100   100   100
  819   100   100   100   100
  820   100   100   100   100
  821   100   100   100   100
  822   100   100   100   100
  823   100   100   100   100
  824   100   100   100   100
  825   100   100   100   100
  826   100   100   100   100
  827   100   100   100   100
  828   100   100   100   100
  829   100   100   100   100
  830   100   100   100   100
  831   100   100   100   100
  832   100   100   100   100
  833    98   100    98   100
  834   100   100   100   100
  835   100   100   100   100
  836   100   100   100   100
  837   100   100   100   100
  838   100   100   100   100
  839   100   100   100   100
  840   100   100   100   100
  841   100   100   100   100
  842   100   100   100   100
  843   100   100   100   100
  844   100   100   100   100
  845   100   100   100   100
  846   100   100   100   100
  847   100   100   100   100
  848   100   100   100   100
  849   100   100   100   100
  850   100   100   100   100
  851   100   100   100   100
  852   100   100   100   100
  853   100   100   100   100
  854   100   100   100   100
  855   100   100   100   100
  856   100   100   100   100
  857   100   100   100   100
  858   100   100   100   100
  859   100   100   100   100
  860   100   100   100   100
  861   100   100   100   100
  862   100   100   100   100
  863   100   100   100   100
  864   100   100   100   100
  865   100   100   100   100
  866   100   100   100   100
  867   100   100   100   100
  868   100   100   100   100
  869   100   100   100   100
  870   100   100   100   100
  871   100   100   100   100
  872   100   100   100   100
  873   100   100   100   100
  874   100   100   100   100
  875   100   100   100   100
  876   100   100   100   100
  877   100   100   100   100
  878   100   100   100   100
  879   100   100   100   100
  880    46    91    46    91
  881   100   100   100   100
  882    62   100    62   100
  883    11    23    11    23
  884   100   100   100   100
  885   100   100   100   100
  886   100   100   100   100
  887   100   100   100   100
  888   100   100   100   100
  889   100   100   100   100
  890   100   100   100   100
  891    97   100    97   100
  892   100   100   100   100
  893   100   100   100   100
  894   100   100   100   100
  895   100   100   100   100
  896   100   100   100   100
  897   100   100   100   100
  898   100   100   100   100
  899   100   100   100   100
  900   100   100   100   100
  901   100   100   100   100
  902   100   100   100   100
  903   100   100   100   100
  904   100   100   100   100
  905   100   100   100   100
  906   100   100   100   100
  907   100   100   100   100
  908   100   100   100   100
  909   100   100   100   100
  910   100   100   100   100
  911   100   100   100   100
  912   100   100   100   100
  913   100   100   100   100
  914   100   100   100   100
  915   100   100   100   100
  916   100   100   100   100
  917   100   100   100   100
  918   100   100   100   100
  919   100   100   100   100
  920   100   100   100   100
  921   100   100   100   100
  922    49    98    49    98
  923   100   100   100   100
  924   100   100   100   100
  925   100   100   100   100
  926   100   100   100   100
  927   100   100   100   100
  928   100   100   100   100
  929   100   100   100   100
  930   100   100   100   100
  931   100   100   100   100
  932   100   100   100   100
  933   100   100   100   100
  934   100   100   100   100
  935   100   100   100   100
  936   100   100   100   100
  937   100   100   100   100
  938   100   100   100   100
  939   100   100   100   100
  940     1     3     1     3
  941   100   100   100   100
  942   100   100   100   100
  943   100   100   100   100
  944   100   100   100   100
  945   100   100   100   100
  946   100   100   100   100
  947   100   100   100   100
  948   100   100   100   100
  949   100   100   100   100
  950   100   100   100   100
  951   100   100   100   100
  952   100   100   100   100
  953   100   100   100   100
  954   100   100   100   100
  955    14    28     0     0
  956   100   100   100   100
  957    34    68    15    30
  958    67   100    64   100
  959    98   100    97   100
  960    56   100    56   100
  961   100   100   100   100
  962   100   100   100   100
  963   100   100   100   100
  964    18    36    18    36
  965   100   100   100   100
  966   100   100   100   100
  967    51   100    51   100
  968   100   100   100   100
  969    48    97    48    97
  970    27    53    27    53
  971   100   100   100   100
  972   100   100   100   100
  973    76   100    76   100
  974   100   100   100   100
  975   100   100   100   100
  976   100   100   100   100
  977   100   100   100   100
  978   100   100   100   100
  979   100   100   100   100
  980   100   100   100   100
  981   100   100   100   100
  982   100   100   100   100
  983   100   100   100   100
  984   100   100   100   100
  985   100   100   100   100
  986   100   100   100   100
  987   100   100   100   100
  988   100   100   100   100
  989   100   100   100   100
  990   100   100   100   100
  991    29    58     0     0
  992   100   100   100   100
  993   100   100   100   100
  994   100   100   100   100
  995     3     6     0     0
  996   100   100   100   100
  997   100   100   100   100
  998   100   100   100   100
  999    99   100    99   100
 1000   100   100   100   100
 1001    57   100    57   100
 1002   100   100   100   100
 1003   100   100   100   100
 1004   100   100   100   100
 1005   100   100   100   100
 1006   100   100   100   100
 1007    28    56     0     0
 1008   100   100   100   100
 1009    50   100    50   100
 1010   100   100   100   100
 1011    95   100    95   100
 1012   100   100   100   100
 1013   100   100   100   100
 1014   100   100   100   100
 1015    95   100    95   100
 1016   100   100   100   100
 1017   100   100   100   100
 1018   100   100   100   100
 1019   100   100   100   100
 1020   100   100   100   100
 1021   100   100   100   100
 1022     1     1     1     1
 1023   100   100   100   100
 1024   100   100   100   100
 1025    84   100    84   100
 1026    34    69    23    46
 1027   100   100   100   100
 1028   100   100   100   100
 1029   100   100   100   100
 1030   100   100   100   100
 1031   100   100   100   100
 1032   100   100   100   100
 1033   100   100   100   100
 1034   100   100   100   100
 1035    68   100    68   100
 1036    95   100    95   100
 1037    67   100     0     0
 1038   100   100   100   100
 1039    45    91     0     0
 1040   100   100   100   100
 1041   100   100   100   100
 1042   100   100   100   100
 1043     3     6     0     0
 1044   100   100   100   100
 1045   100   100   100   100
 1046   100   100   100   100
 1047   100   100   100   100
 1048   100   100   100   100
 1049   100   100   100   100
 1050   100   100   100   100
 1051   100   100   100   100
 1052   100   100   100   100
 1053    51   100    51   100
 1054    92   100    92   100
 1055     6    13     6    13
 1056   100   100   100   100
 1057   100   100   100   100
 1058   100   100   100   100
 1059   100   100   100   100
 1060   100   100   100   100
 1061   100   100   100   100
 1062    73   100    73   100
 1063    60   100    60   100
 1064    90   100    90   100
 1065   100   100   100   100
 1066   100   100   100   100
 1067    95   100    95   100
 1068    77   100    77   100
 1069    81   100    81   100
 1070    96   100    96   100
 1071    13    27     0     0
 1072    11    22    11    22
 1073    53   100    53   100
 1074    76   100    76   100
 1075   100   100   100   100
 1076   100   100   100   100
 1077   100   100   100   100
 1078   100   100   100   100
 1079   100   100   100   100
 1080   100   100   100   100
 1081   100   100   100   100
 1082   100   100   100   100
 1083   100   100   100   100
 1084    44    87    36    73
 1085   100   100   100   100
 1086     6    13     6    13
 1087   100   100   100   100
 1088    80   100    80   100
 1089   100   100   100   100
 1090   100   100   100   100
 1091   100   100   100   100
 1092    26    51    26    51
 1093   100   100   100   100
 1094   100   100   100   100
 1095   100   100   100   100
 1096    34    69    13    25
 1097   100   100   100   100
 1098    44    89    44    89
 1099     2     4     2     4
 1100   100   100   100   100
 1101    92   100    92   100
 1102    21    42    21    42
 1103     3     7     3     7
 1104   100   100   100   100
 1105   100   100   100   100
 1106   100   100   100   100
 1107    96   100    96   100
 1108    99   100    99   100
 1109    88   100    88   100
 1110    83   100    83   100
 1111    95   100    95   100
 1112   100   100   100   100
 1113    78   100    78   100
 1114   100   100    95   100
 1115   100   100   100   100
 1116   100   100   100   100
 1117    96   100    96   100
 1118   100   100   100   100
 1119    55   100    19    38
 1120    27    54    27    54
 1121   100   100   100   100
 1122    33    66     0     0
 1123   100   100   100   100
 1124   100   100   100   100
 1125   100   100   100   100
 1126   100   100   100   100
 1127   100   100   100   100
 1128   100   100   100   100
 1129   100   100   100   100
 1130    98   100    98   100
 1131   100   100   100   100
 1132    84   100    84   100
 1133   100   100   100   100
 1134   100   100   100   100
 1135   100   100   100   100
 1136   100   100   100   100
 1137   100   100   100   100
 1138   100   100   100   100
 1139   100   100   100   100
 1140    10    20    10    20
 1141    58   100    58   100
 1142    81   100    81   100
 1143     4     8     4     8
 1144     0     1     0     1
 1145    52   100    52   100
 1146    76   100    76   100
 1147   100   100   100   100
 1148    54   100    54   100
 1149    42    84    42    84
 1150   100   100   100   100
 1151   100   100   100   100
 1152    32    64    32    64
 1153   100   100   100   100
 1154   100   100   100   100
 1155   100   100   100   100
 1156    22    45    22    45
 1157    22    45    22    45
 1158   100   100   100   100
 1159   100   100   100   100
 1160   100   100   100   100
 1161    22    45    22    45
 1162    22    45    22    45
 1163   100   100   100   100
 1164    98   100    98   100
 1165     3     6     3     6
 1166    99   100    99   100
 1167   100   100   100   100
 1168   100   100   100   100
 1169   100   100   100   100
 1170   100   100   100   100
 1171   100   100   100   100
 1172   100   100   100   100
 1173   100   100   100   100
 1174   100   100   100   100
 1175   100   100   100   100
 1176   100   100   100   100
 1177   100   100   100   100
 1178   100   100   100   100
 1179   100   100   100   100
 1180   100   100   100   100
 1181   100   100   100   100
 1182   100   100   100   100
 1183   100   100   100   100
 1184   100   100   100   100
 1185   100   100   100   100
 1186   100   100   100   100
 1187   100   100   100   100
 1188   100   100   100   100
 1189   100   100   100   100
 1190   100   100   100   100
 1191   100   100   100   100
 1192   100   100   100   100
 1193   100   100   100   100
 1194    22    45    22    45
 1195   100   100   100   100
 1196   100   100   100   100
 1197    22    45    22    45
 1198    22    45    22    45
 1199   100   100   100   100
 1200    22    45    22    45
 1201    22    45    22    45
 1202   100   100   100   100
 1203   100   100   100   100
 1204   100   100   100   100
 1205   100   100   100   100
 1206   100   100   100   100
 1207   100   100   100   100
 1208   100   100   100   100
 1209   100   100   100   100
 1210   100   100   100   100
 1211   100   100   100   100
 1212   100   100   100   100
 1213   100   100   100   100
 1214   100   100   100   100
 1215   100   100   100   100
 1216   100   100   100   100
 1217   100   100   100   100
 1218   100   100   100   100
 1219   100   100   100   100
 1220   100   100   100   100
 1221   100   100   100   100
 1222   100   100   100   100
 1223   100   100   100   100
 1224   100   100   100   100
 1225   100   100   100   100
 1226   100   100   100   100
 1227   100   100   100   100
 1228   100   100   100   100
 1229   100   100   100   100
 1230   100   100   100   100
 1231   100   100   100   100
 1232   100   100   100   100
 1233   100   100   100   100
 1234   100   100   100   100
 1235   100   100   100   100
 1236   100   100   100   100
 1237   100   100   100   100
 1238   100   100   100   100
 1239   100   100   100   100
 1240   100   100   100   100
 1241   100   100   100   100
 1242   100   100   100   100
 1243   100   100   100   100
 1244   100   100   100   100
 1245   100   100   100   100
 1246   100   100   100   100
 1247    88   100    88   100
 1248    88   100    88   100
 1249    84   100    84   100
 1250   100   100   100   100
 1251   100   100   100   100
 1252   100   100   100   100
 1253   100   100   100   100
 1254   100   100   100   100
 1255   100   100   100   100
 1256   100   100   100   100
 1257   100   100   100   100
 1258   100   100   100   100
 1259   100   100   100   100
 1260   100   100   100   100
 1261   100   100   100   100
 1262   100   100   100   100
 1263   100   100   100   100
 1264   100   100   100   100
 1265   100   100   100   100
 1266   100   100   100   100
 1267   100   100   100   100
 1268   100   100   100   100
 1269   100   100   100   100
 1270   100   100   100   100
 1271   100   100   100   100
 1272    69   100    69   100
 1273     5    10     5    10
 1274    63   100    63   100
 1275   100   100   100   100
 1276   100   100   100   100
 1277   100   100   100   100
 1278   100   100   100   100
 1279   100   100   100   100
 1280   100   100   100   100
 1281   100   100   100   100
 1282   100   100   100   100
 1283   100   100   100   100
 1284   100   100   100   100
 1285   100   100   100   100
 1286   100   100   100   100
 1287   100   100   100   100
 1288   100   100   100   100
 1289   100   100   100   100
 1290   100   100   100   100
 1291   100   100   100   100
 1292   100   100   100   100
 1293   100   100   100   100
 1294    64   100    64   100
 1295    37    75    37    75
 1296    82   100     0     0
 1297    97   100    97   100
 1298   100   100   100   100
 1299    50    99    49    98
 1300    82   100    82   100
 1301    78   100    78   100
 1302    61   100    33    67
 1303    37    75    37    75
 1304   100   100   100   100
 1305   100   100   100   100
 1306   100   100   100   100
 1307   100   100   100   100
 1308    22    45    22    45
 1309   100   100   100   100
 1310    22    45    22    45
 1311   100   100   100   100
 1312   100   100   100   100
 1313   100   100   100   100
 1314   100   100   100   100
 1315   100   100   100   100
 1316   100   100   100   100
 1317   100   100   100   100
 1318    22    44    22    44
 1319   100   100   100   100
 1320   100   100   100   100
 1321   100   100   100   100
 1322   100   100   100   100
 1323   100   100   100   100
 1324    22    44    22    44
 1325   100   100   100   100
 1326   100   100   100   100
 1327   100   100   100   100
 1328   100   100   100   100
 1329   100   100   100   100
 1330   100   100   100   100
 1331   100   100   100   100
 1332   100   100   100   100
 1333   100   100   100   100
 1334   100   100   100   100
 1335   100   100   100   100
 1336   100   100   100   100
 1337   100   100   100   100
 1338   100   100   100   100
 1339   100   100   100   100
 1340   100   100   100   100
 1341   100   100   100   100
 1342   100   100   100   100
 1343   100   100   100   100
 1344   100   100   100   100
 1345   100   100   100   100
 1346   100   100   100   100
 1347   100   100   100   100
 1348   100   100   100   100
 1349    81   100    81   100
 1350     8    15     8    15
 1351   100   100   100   100
 1352    97   100    97   100
 1353    73   100    73   100
 1354    97   100    97   100
 1355   100   100   100   100
 1356   100   100   100   100
 1357   100   100   100   100
 1358    98   100    64   100
 1359   100   100   100   100
 1360   100   100   100   100
 1361    51   100    51   100
 1362    40    80    40    80
 1363   100   100   100   100
 1364   100   100   100   100
 1365   100   100   100   100
 1366   100   100   100   100
 1367   100   100   100   100
 1368   100   100   100   100
 1369   100   100   100   100
 1370   100   100   100   100
 1371   100   100   100   100
 1372   100   100   100   100
 1373   100   100   100   100
 1374   100   100   100   100
 1375   100   100   100   100
 1376   100   100   100   100
 1377   100   100   100   100
 1378   100   100   100   100
 1379   100   100   100   100
 1380   100   100   100   100
 1381    97   100    97   100
 1382    86   100    86   100
 1383    97   100    97   100
 1384    38    76    38    76
 1385    99   100    99   100
 1386   100   100   100   100
 1387   100   100   100   100
 1388    82   100    82   100
 1389   100   100   100   100
 1390   100   100   100   100
 1391    90   100    90   100
 1392     1     2     1     2
 1393    96   100    91   100
 1394   100   100   100   100
 1395   100   100   100   100
 1396   100   100   100   100
 1397   100   100   100   100
 1398   100   100    91   100
 1399    74   100    74   100
 1400    81   100    75   100
 1401    46    92    46    92
 1402    79   100    70   100
 1403    79   100    69   100
 1404   100   100   100   100
 1405    79   100    79   100
 1406    32    64    32    64
 1407   100   100   100   100
 1408   100   100   100   100
 1409   100   100   100   100
 1410   100   100   100   100
 1411   100   100   100   100
 1412   100   100   100   100
 1413    73   100    57   100
 1414    34    68    27    54
 1415    61   100    55   100
 1416   100   100   100   100
 1417    74   100    51   100
 1418    47    95     0     0
 1419    78   100    24    47
 1420   100   100    99   100
 1421    12    24    12    24
 1422    79   100    79   100
 1423   100   100   100   100
 1424    97   100    97   100
 1425   100   100   100   100
 1426    80   100    80   100
 1427   100   100   100   100
 1428   100   100   100   100
 1429   100   100   100   100
 1430   100   100   100   100
 1431     4     9     0     0
 1432   100   100   100   100
 1433    32    63     0     0
 1434    21    42     0     0
 1435    38    76     0     0
 1436     4     9     0     0
 1437    56   100     0     0
 1438    43    85     0     0
 1439    10    21     0     0
 1440    58   100     0     0
 1441    23    46     0     0
 1442   100   100   100   100
 1443   100   100   100   100
 1444   100   100   100   100
 1445   100   100   100   100
 1446   100   100   100   100
 1447   100   100   100   100
 1448   100   100   100   100
 1449   100   100   100   100
 1450   100   100   100   100
 1451     7    14     7    14
 1452   100   100   100   100
 1453   100   100   100   100
 1454   100   100   100   100
 1455    43    86    43    86
 1456    33    66    33    66
 1457    62   100    62   100
 1458   100   100   100   100
 1459   100   100   100   100
 1460   100   100   100   100
 1461   100   100   100   100
 1462   100   100   100   100
 1463     6    12     6    12
 1464    35    70    35    70
 1465    67   100    67   100
 1466   100   100   100   100
 1467    97   100    97   100
 1468    12    24     2     4
 1469    51   100    51   100
 1470    90   100    90   100
 1471   100   100   100   100
 1472    13    26    13    26
 1473    85   100    85   100
 1474    97   100    97   100
 1475    54   100    54   100
 1476    96   100    61   100
 1477   100   100   100   100
 1478    74   100    55   100
 1479   100   100   100   100
 1480   100   100   100   100
 1481   100   100   100   100
 1482   100   100   100   100
 1483    22    45    22    45
 1484   100   100    22    45
 1485   100   100   100   100
 1486    35    70    35    70
 1487   100   100   100   100
 1488   100   100   100   100
 1489    22    44     0     0
 1490   100   100   100   100
 1491   100   100   100   100
 1492   100   100   100   100
 1493   100   100   100   100
 1494   100   100   100   100
 1495   100   100   100   100
 1496   100   100   100   100
 1497   100   100   100   100
 1498   100   100   100   100
 1499   100   100   100   100
 1500   100   100   100   100
 1501   100   100   100   100
 1502   100   100   100   100
 1503   100   100   100   100
 1504   100   100   100   100
 1505   100   100   100   100
 1506   100   100   100   100
 1507   100   100   100   100
 1508   100   100   100   100
 1509   100   100   100   100
 1510   100   100   100   100
 1511   100   100   100   100
 1512   100   100   100   100
 1513   100   100   100   100
 1514   100   100   100   100
 1515   100   100   100   100
 1516   100   100   100   100
 1517   100   100   100   100
 1518   100   100   100   100
 1519   100   100   100   100
 1520   100   100   100   100
 1521   100   100   100   100
 1522   100   100   100   100
 1523   100   100   100   100
 1524   100   100   100   100
 1525   100   100   100   100
 1526    76   100    76   100
 1527    58   100    58   100
 1528   100   100   100   100
 1529   100   100   100   100
 1530    93   100    93   100
 1531   100   100   100   100
 1532    94   100    94   100
 1533   100   100   100   100
 1534   100   100   100   100
 1535   100   100   100   100
 1536   100   100   100   100
 1537   100   100   100   100
 1538   100   100   100   100
 1539   100   100   100   100
 1540   100   100   100   100
 1541   100   100   100   100
 1542   100   100   100   100
 1543   100   100   100   100
 1544   100   100   100   100
 1545   100   100   100   100
 1546   100   100   100   100
 1547   100   100   100   100
 1548   100   100   100   100
 1549   100   100   100   100
 1550   100   100   100   100
 1551   100   100   100   100
 1552   100   100   100   100
 1553   100   100   100   100
 1554   100   100   100   100
 1555   100   100   100   100
 1556   100   100   100   100
 1557    54   100     0     0
 1558    91   100     0     0
 1559    66   100     0     0
 1560    25    50     0     0
 1561    66   100     0     0
 1562    17    34     0     0
 1563   100   100   100   100
 1564   100   100   100   100
 1565   100   100   100   100
 1566   100   100   100   100
 1567   100   100   100   100
 1568     8    17     0     0
 1569   100   100     0     0
 1570   100   100   100   100
 1571   100   100   100   100
 1572   100   100   100   100
 1573   100   100   100   100
 1574   100   100   100   100
 1575   100   100   100   100
 1576   100   100   100   100
 1577   100   100   100   100
 1578    50   100     0     0
 1579   100   100    22    45
 1580    88   100    22    45
 1581   100   100    22    45
 1582    84   100    22    45
 1583    72   100     0     0
 1584    76   100     0     0
 1585    84   100     0     0
 1586     1     2     0     0
 1587    46    93     0     0
 1588   100   100   100   100
 1589   100   100   100   100
 1590   100   100   100   100
 1591    64   100    64   100
 1592   100   100   100   100
 1593    92   100    92   100
 1594   100   100   100   100
 1595   100   100   100   100
 1596   100   100   100   100
 1597   100   100   100   100
 1598   100   100   100   100
 1599   100   100   100   100
 1600   100   100   100   100
 1601   100   100   100   100
 1602   100   100   100   100
 1603   100   100   100   100
 1604   100   100   100   100
 1605   100   100   100   100
 1606   100   100   100   100
 1607    91   100    91   100
 1608   100   100   100   100
 1609    64   100    64   100
 1610    88   100    88   100
 1611    96   100    96   100
 1612    47    94    47    94
 1613   100   100   100   100
 1614   100   100   100   100
 1615   100   100   100   100
 1616    41    82    41    82
 1617   100   100   100   100
 1618   100   100   100   100
 1619   100   100   100   100
 1620   100   100   100   100
 1621   100   100   100   100
 1622   100   100   100   100
 1623   100   100   100   100
 1624   100   100   100   100
 1625   100   100   100   100
 1626   100   100   100   100
 1627   100   100   100   100
 1628   100   100   100   100
 1629   100   100   100   100
 1630   100   100   100   100
 1631   100   100   100   100
 1632   100   100   100   100
 1633   100   100   100   100
 1634   100   100   100   100
 1635   100   100   100   100
 1636   100   100   100   100
 1637   100   100   100   100
 1638   100   100   100   100
 1639   100   100   100   100
 1640   100   100   100   100
 1641   100   100   100   100
 1642   100   100   100   100
 1643   100   100   100   100
 1644   100   100   100   100
 1645   100   100   100   100
 1646   100   100   100   100
 1647   100   100   100   100
 1648   100   100   100   100
 1649   100   100   100   100
 1650   100   100   100   100
 1651   100   100   100   100
 1652   100   100   100   100
 1653   100   100   100   100
 1654   100   100   100   100
 1655   100   100   100   100
 1656   100   100   100   100
 1657   100   100   100   100
 1658   100   100   100   100
 1659   100   100   100   100
 1660   100   100   100   100
 1661   100   100   100   100
 1662   100   100   100   100
 1663   100   100   100   100
 1664   100   100   100   100
 1665   100   100   100   100
 1666   100   100   100   100
 1667   100   100   100   100
 1668   100   100   100   100
 1669   100   100   100   100
 1670   100   100   100   100
 1671   100   100   100   100
 1672   100   100   100   100
 1673   100   100   100   100
 1674   100   100   100   100
 1675   100   100   100   100
 1676   100   100   100   100
 1677   100   100   100   100
 1678   100   100   100   100
 1679   100   100   100   100
 1680   100   100   100   100
 1681   100   100   100   100
 1682   100   100   100   100
 1683   100   100   100   100
 1684   100   100   100   100
 1685   100   100   100   100
 1686   100   100   100   100
 1687   100   100   100   100
 1688   100   100   100   100
 1689   100   100   100   100
 1690   100   100   100   100
 1691   100   100   100   100
 1692   100   100   100   100
 1693   100   100   100   100
 1694   100   100   100   100
 1695   100   100   100   100
 1696   100   100   100   100
 1697   100   100   100   100
 1698   100   100   100   100
 1699   100   100   100   100
 1700   100   100   100   100
 1701   100   100   100   100
 1702   100   100   100   100
 1703   100   100   100   100
 1704   100   100   100   100
 1705   100   100   100   100
 1706   100   100   100   100
 1707   100   100   100   100
 1708   100   100   100   100
 1709   100   100   100   100
 1710   100   100   100   100
 1711   100   100   100   100
 1712   100   100   100   100
 1713   100   100   100   100
 1714   100   100   100   100
 1715   100   100   100   100
 1716   100   100   100   100
 1717   100   100   100   100
 1718   100   100   100   100
 1719   100   100   100   100
 1720   100   100   100   100
 1721   100   100   100   100
 1722   100   100   100   100
 1723   100   100   100   100
 1724   100   100   100   100
 1725   100   100   100   100
 1726   100   100   100   100
 1727   100   100   100   100
 1728   100   100   100   100
 1729   100   100   100   100
 1730   100   100   100   100
 1731   100   100   100   100
 1732   100   100   100   100
 1733   100   100   100   100
 1734   100   100   100   100
 1735   100   100   100   100
 1736   100   100   100   100
 1737   100   100   100   100
 1738   100   100   100   100
 1739   100   100   100   100
 1740   100   100   100   100
 1741   100   100   100   100
 1742   100   100   100   100
 1743   100   100   100   100
 1744   100   100   100   100
 1745   100   100   100   100
 1746   100   100   100   100
 1747   100   100   100   100
 1748   100   100   100   100
 1749   100   100   100   100
 1750   100   100   100   100
 1751   100   100   100   100
 1752   100   100   100   100
 1753   100   100   100   100
 1754   100   100   100   100
 1755   100   100   100   100
 1756   100   100   100   100
 1757   100   100   100   100
 1758   100   100   100   100
 1759   100   100   100   100
 1760   100   100   100   100
 1761   100   100   100   100
 1762   100   100   100   100
 1763   100   100   100   100
 1764   100   100   100   100
 1765   100   100   100   100
 1766   100   100   100   100
 1767   100   100   100   100
 1768   100   100   100   100
 1769   100   100   100   100
 1770   100   100   100   100
 1771   100   100   100   100
 1772   100   100   100   100
 1773   100   100   100   100
 1774   100   100   100   100
 1775   100   100   100   100
 1776   100   100   100   100
 1777   100   100   100   100
 1778   100   100   100   100
 1779   100   100   100   100
 1780   100   100   100   100
 1781   100   100   100   100
 1782   100   100   100   100
 1783   100   100   100   100
 1784   100   100   100   100
 1785   100   100   100   100
 1786   100   100   100   100
 1787   100   100   100   100
 1788   100   100   100   100
 1789   100   100   100   100
 1790   100   100   100   100
 1791   100   100   100   100
 1792   100   100   100   100
 1793   100   100   100   100
 1794   100   100   100   100
 1795   100   100   100   100
 1796   100   100   100   100
 1797   100   100   100   100
 1798   100   100   100   100
 1799   100   100   100   100
 1800   100   100   100   100
 1801   100   100   100   100
 1802   100   100   100   100
 1803   100   100   100   100
 1804   100   100   100   100
 1805   100   100   100   100
 1806   100   100   100   100
 1807   100   100   100   100
 1808   100   100   100   100
 1809   100   100   100   100
 1810   100   100   100   100
 1811   100   100   100   100
 1812   100   100   100   100
 1813   100   100   100   100
 1814   100   100   100   100
 1815   100   100   100   100
 1816   100   100   100   100
 1817   100   100   100   100
 1818   100   100   100   100
 1819   100   100   100   100
 1820   100   100   100   100
 1821   100   100   100   100
 1822   100   100   100   100
 1823   100   100   100   100
 1824   100   100   100   100
 1825   100   100   100   100
 1826   100   100   100   100
 1827   100   100   100   100
 1828   100   100   100   100
 1829   100   100   100   100
 1830   100   100   100   100
 1831   100   100   100   100
 1832   100   100   100   100
 1833   100   100   100   100
 1834   100   100   100   100
 1835   100   100   100   100
 1836   100   100   100   100
 1837   100   100   100   100
 1838   100   100   100   100
 1839   100   100   100   100
 1840   100   100   100   100
 1841   100   100   100   100
 1842   100   100   100   100
 1843   100   100   100   100
 1844   100   100   100   100
 1845   100   100   100   100
 1846   100   100   100   100
 1847   100   100   100   100
 1848   100   100   100   100
 1849   100   100   100   100
 1850   100   100   100   100
 1851   100   100   100   100
 1852   100   100   100   100
 1853   100   100   100   100
 1854   100   100   100   100
 1855   100   100   100   100
 1856   100   100   100   100
 1857   100   100   100   100
 1858   100   100   100   100
 1859   100   100   100   100
 1860   100   100   100   100
 1861   100   100   100   100
 1862   100   100   100   100
 1863   100   100   100   100
 1864   100   100   100   100
 1865   100   100   100   100
 1866   100   100   100   100
 1867   100   100   100   100
 1868   100   100   100   100
 1869   100   100   100   100
 1870   100   100   100   100
 1871   100   100   100   100
 1872   100   100   100   100
 1873   100   100   100   100
 1874   100   100   100   100
 1875   100   100   100   100
 1876   100   100   100   100
 1877   100   100   100   100
 1878   100   100   100   100
 1879   100   100   100   100
 1880   100   100   100   100
 1881   100   100   100   100
 1882   100   100   100   100
 1883   100   100   100   100
 1884   100   100   100   100
 1885   100   100   100   100
 1886   100   100   100   100
 1887   100   100   100   100
 1888   100   100   100   100
 1889   100   100   100   100
 1890   100   100   100   100
 1891   100   100   100   100
 1892   100   100   100   100
 1893   100   100   100   100
 1894   100   100   100   100
 1895   100   100   100   100
 1896   100   100   100   100
 1897   100   100   100   100
 1898   100   100   100   100
 1899   100   100   100   100
 1900   100   100   100   100
 1901   100   100   100   100
 1902   100   100   100   100
 1903   100   100   100   100
 1904   100   100   100   100
 1905   100   100   100   100
 1906   100   100   100   100
 1907   100   100   100   100
 1908   100   100   100   100
 1909   100   100   100   100
 1910   100   100   100   100
 1911   100   100   100   100
 1912   100   100   100   100
 1913   100   100   100   100
 1914   100   100   100   100
 1915   100   100   100   100
 1916   100   100   100   100
 1917   100   100   100   100
 1918   100   100   100   100
 1919   100   100   100   100
 1920   100   100   100   100
 1921   100   100   100   100
 1922   100   100   100   100
 1923   100   100   100   100
 1924   100   100   100   100
 1925   100   100   100   100
 1926   100   100   100   100
 1927   100   100   100   100
 1928   100   100   100   100
 1929   100   100   100   100
 1930   100   100   100   100
 1931   100   100   100   100
 1932   100   100   100   100
 1933   100   100   100   100
 1934   100   100   100   100
 1935   100   100   100   100
 1936   100   100   100   100
 1937   100   100   100   100
 1938   100   100   100   100
 1939   100   100   100   100
 1940   100   100   100   100
 1941   100   100   100   100
 1942   100   100   100   100
 1943   100   100   100   100
 1944   100   100   100   100
 1945   100   100   100   100
 1946   100   100   100   100
 1947   100   100   100   100
 1948   100   100   100   100
 1949   100   100   100   100
 1950   100   100   100   100
 1951   100   100   100   100
 1952   100   100   100   100
 1953   100   100   100   100
 1954   100   100   100   100
 1955   100   100   100   100
 1956   100   100   100   100
 1957   100   100   100   100
 1958   100   100   100   100
 1959   100   100   100   100
 1960   100   100   100   100
 1961   100   100   100   100
 1962   100   100   100   100
 1963   100   100   100   100
 1964   100   100   100   100
 1965   100   100   100   100
 1966   100   100   100   100
 1967   100   100   100   100
 1968   100   100   100   100
 1969   100   100   100   100
 1970   100   100   100   100
 1971   100   100   100   100
 1972   100   100   100   100
 1973   100   100   100   100
 1974   100   100   100   100
 1975   100   100   100   100
 1976   100   100   100   100
 1977   100   100   100   100
 1978   100   100   100   100
 1979   100   100   100   100
 1980   100   100   100   100
 1981   100   100   100   100
 1982   100   100   100   100
 1983   100   100   100   100
 1984   100   100   100   100
 1985   100   100   100   100
 1986   100   100   100   100
 1987   100   100   100   100
 1988   100   100   100   100
 1989   100   100   100   100
 1990   100   100   100   100
 1991   100   100   100   100
 1992   100   100   100   100
 1993   100   100   100   100
 1994   100   100   100   100
 1995   100   100   100   100
 1996   100   100   100   100
 1997   100   100   100   100
 1998   100   100   100   100
 1999   100   100   100   100
 2000   100   100   100   100
 2001   100   100   100   100
 2002   100   100   100   100
 2003   100   100   100   100
 2004   100   100   100   100
 2005   100   100   100   100
 2006   100   100   100   100
 2007   100   100   100   100
 2008   100   100   100   100
 2009   100   100   100   100
 2010   100   100   100   100
 2011   100   100   100   100
 2012   100   100   100   100
 2013   100   100   100   100
 2014   100   100   100   100
 2015   100   100   100   100
 2016   100   100   100   100
 2017   100   100   100   100
 2018   100   100   100   100
 2019   100   100   100   100
 2020   100   100   100   100
 2021   100   100   100   100
 2022   100   100   100   100
 2023   100   100   100   100
 2024   100   100   100   100
 2025   100   100   100   100
 2026   100   100   100   100
 2027   100   100   100   100
 2028   100   100   100   100
 2029   100   100   100   100
 2030   100   100   100   100
 2031   100   100   100   100
 2032   100   100   100   100
 2033   100   100   100   100
 2034   100   100   100   100
 2035   100   100   100   100
 2036   100   100   100   100
 2037   100   100   100   100
 2038   100   100   100   100
 2039   100   100   100   100
 2040   100   100   100   100
 2041   100   100   100   100
 2042   100   100   100   100
 2043     0     0     0     0
 2044   100   100   100   100
 2045   100   100   100   100
 2046   100   100   100   100
 2047    56   100    56   100
 2048   100   100   100   100
 2049     0     0     0     0
 2050    44    88    44    88
 2051   100   100   100   100
 2052   100   100   100   100
 2053   100   100   100   100
 2054   100   100   100   100
 2055   100   100   100   100
 2056    60   100    60   100
 2057    37    75    37    75
 2058    98   100    98   100
 2059   100   100   100   100
 2060     0     0     0     0
 2061     0     0     0     0
 2062     0     0     0     0
 2063     0     0     0     0
 2064   100   100   100   100
 2065   100   100   100   100
 2066   100   100   100   100
 2067   100   100   100   100
 2068   100   100   100   100
 2069   100   100   100   100
 2070    55   100    55   100
 2071   100   100   100   100
 2072     0     0     0     0
 2073    94   100    94   100
 2074    88   100    88   100
 2075    92   100    40    81
 2076   100   100   100   100
 2077    56   100    56   100
 2078     7    14     7    14
 2079     6    12     6    12
 2080     0     0     0     0
 2081    90   100    90   100
 2082    17    34    17    34
 2083     0     0     0     0
 2084     0     0     0     0
 2085     2     3     2     3
 2086    66   100    66   100
 2087     0     0     0     0
 2088     3     6     3     6
 2089    95   100    95   100
 2090     0     0     0     0
 2091    14    27     0     0
 2092   100   100    14    27
 2093   100   100   100   100
 2094     0     0     0     0
 2095    66   100     0     0
 2096    12    23     0     0
 2097     0     0     0     0
 2098     3     6     0     0
 2099     0     0     0     0
 2100   100   100   100   100
 2101    29    59    29    59
 2102     0     0     0     0
 2103   100   100   100   100
 2104   100   100   100   100
 2105    48    95    48    95
 2106   100   100   100   100
 2107   100   100   100   100
 2108   100   100   100   100
 2109   100   100   100   100
 2110   100   100   100   100
 2111   100   100   100   100
 2112   100   100   100   100
 2113   100   100   100   100
 2114   100   100   100   100
 2115   100   100   100   100
 2116   100   100   100   100
 2117   100   100   100   100
 2118   100   100   100   100
 2119   100   100   100   100
 2120   100   100   100   100
 2121   100   100     5    10
 2122   100   100   100   100
 2123   100   100   100   100
 2124   100   100   100   100
 2125   100   100   100   100
 2126   100   100   100   100
 2127   100   100   100   100
 2128   100   100   100   100
 2129   100   100   100   100
 2130   100   100   100   100
 2131   100   100   100   100
 2132   100   100    33    65
 2133   100   100   100   100
 2134   100   100   100   100
 2135   100   100   100   100
 2136   100   100   100   100
 2137   100   100   100   100
 2138   100   100   100   100
 2139   100   100   100   100
 2140   100   100   100   100
 2141   100   100   100   100
 2142   100   100   100   100
 2143   100   100   100   100
 2144   100   100   100   100
 2145   100   100   100   100
 2146   100   100   100   100
 2147   100   100   100   100
 2148   100   100   100   100
 2149   100   100   100   100
 2150   100   100   100   100
 2151   100   100   100   100
 2152   100   100   100   100
 2153   100   100   100   100
 2154   100   100   100   100
 2155   100   100   100   100
 2156   100   100   100   100
 2157   100   100   100   100
 2158   100   100   100   100
 2159   100   100   100   100
 2160   100   100   100   100
 2161   100   100   100   100
 2162   100   100   100   100
 2163   100   100   100   100
 2164   100   100   100   100
 2165   100   100   100   100
 2166   100   100   100   100
 2167    89   100    89   100
 2168     0     0     0     0
 2169   100   100   100   100
 2170   100   100   100   100
 2171   100   100   100   100
 2172    54   100    54   100
 2173   100   100   100   100
 2174   100   100   100   100
 2175   100   100   100   100
 2176   100   100   100   100
 2177   100   100   100   100
 2178    16    32    16    32
 2179     0     0     0     0
 2180   100   100   100   100
 2181   100   100   100   100
 2182   100   100   100   100
 2183     0     0     0     0
 2184   100   100   100   100
 2185   100   100   100   100
 2186    51   100    51   100
 2187   100   100   100   100
 2188   100   100   100   100
 2189   100   100   100   100
 2190   100   100   100   100
 2191   100   100   100   100
 2192   100   100   100   100
 2193   100   100   100   100
 2194   100   100   100   100
 2195   100   100   100   100
 2196   100   100   100   100
 2197   100   100   100   100
 2198   100   100   100   100
 2199   100   100   100   100
 2200   100   100   100   100
 2201   100   100   100   100
 2202   100   100   100   100
 2203   100   100   100   100
 2204   100   100   100   100
 2205     1     3     1     3
 2206     0     0     0     0
 2207   100   100   100   100
 2208   100   100   100   100
 2209   100   100   100   100
 2210   100   100   100   100
 2211   100   100   100   100
 2212   100   100   100   100
 2213   100   100   100   100
 2214   100   100   100   100
 2215   100   100   100   100
 2216   100   100   100   100
 2217   100   100   100   100
 2218   100   100   100   100
 2219   100   100   100   100
 2220   100   100   100   100
 2221   100   100   100   100
 2222   100   100   100   100
 2223   100   100   100   100
 2224   100   100   100   100
 2225   100   100   100   100
 2226   100   100   100   100
 2227   100   100   100   100
 2228   100   100   100   100
 2229   100   100   100   100
 2230   100   100   100   100
 2231   100   100   100   100
 2232   100   100   100   100
 2233   100   100   100   100
 2234   100   100   100   100
 2235    74   100    74   100
 2236   100   100   100   100
 2237   100   100   100   100
 2238   100   100   100   100
 2239    84   100    84   100
 2240   100   100   100   100
 2241    98   100    98   100
 2242   100   100   100   100
 2243   100   100   100   100
 2244   100   100   100   100
 2245   100   100   100   100
 2246   100   100   100   100
 2247   100   100   100   100
 2248   100   100   100   100
 2249   100   100   100   100
 2250   100   100   100   100
 2251   100   100   100   100
 2252   100   100   100   100
 2253   100   100   100   100
 2254   100   100   100   100
 2255    96   100    96   100
 2256   100   100   100   100
 2257   100   100   100   100
 2258   100   100   100   100
 2259   100   100   100   100
 2260   100   100   100   100
 2261   100   100   100   100
 2262    98   100    98   100
 2263   100   100   100   100
 2264   100   100   100   100
 2265   100   100   100   100
 2266   100   100   100   100
 2267   100   100   100   100
 2268    78   100    78   100
 2269    13    25    13    25
 2270   100   100   100   100
 2271    90   100    90   100
 2272    54   100    54   100
 2273    71   100    71   100
 2274   100   100   100   100
 2275   100   100   100   100
 2276   100   100   100   100
 2277     8    16     8    16
 2278     0     0     0     0
 2279    24    49    24    49
 2280    93   100    93   100
 2281    99   100    99   100
 2282     0     0     0     0
 2283   100   100   100   100
 2284     0     0     0     0
 2285    77   100     0     0
 2286   100   100     0     0
 2287   100   100     0     0
 2288    72   100     0     0
 2289     0     0     0     0
 2290    61   100     0     0
 2291    66   100     0     0
 2292    10    20    10    20
 2293   100   100   100   100
 2294    39    77     0     0
 2295     0     0     0     0
 2296   100   100   100   100
 2297    82   100    82   100
 2298    23    47     0     0
 2299    99   100     0     0
 2300     0     0     0     0
 2301     0     0     0     0
 2302     0     0     0     0
 2303     0     0     0     0
 2304     0     0     0     0
 2305     0     0     0     0
 2306     0     0     0     0
 2307     0     0     0     0
 2308     0     0     0     0
 2309     0     0     0     0
 2310   100   100     0     0
 2311     5    11     0     0
 2312     0     0     0     0
 2313     0     0     0     0
 2314     0     0     0     0
 2315     0     0     0     0
 2316     0     0     0     0
 2317     0     0     0     0
 2318     0     0     0     0
 2319     0     0     0     0
 2320     0     0     0     0
 2321    23    45     0     0
 2322   100   100   100   100
 2323     0     0     0     0
 2324     0     0     0     0
 2325     9    18     9    18
 2326     0     0     0     0
 2327     0     0     0     0
 2328     0     0     0     0
 2329     0     0     0     0
 2330     0     0     0     0
 2331     0     0     0     0
 2332     0     0     0     0
 2333     0     0     0     0
 2334     0     0     0     0
 2335     0     0     0     0
 2336     0     0     0     0
 2337     0     0     0     0
 2338     0     0     0     0
 2339     0     0     0     0
 2340     0     0     0     0
 2341     0     0     0     0
 2342     0     0     0     0
 2343     0     0     0     0
 2344     0     0     0     0
 2345     0     0     0     0
 2346     0     0     0     0
 2347     0     0     0     0
 2348     0     0     0     0
 2349     0     0     0     0
 2350     0     0     0     0
 2351     0     0     0     0
 2352     0     0     0     0
 2353     0     0     0     0
 2354     0     0     0     0
 2355     0     0     0     0
 2356     0     0     0     0
 2357     0     0     0     0
 2358     0     0     0     0
 2359     0     0     0     0
 2360     0     0     0     0
 2361     0     0     0     0
 2362     0     0     0     0
 2363     0     0     0     0
 2364     0     0     0     0
 2365     0     0     0     0
 2366     0     0     0     0
 2367     0     0     0     0
 2368     0     0     0     0
 2369     0     0     0     0
 2370     0     0     0     0
 2371     0     0     0     0
 2372     0     0     0     0
 2373     0     0     0     0
 2374     0     0     0     0
 2375     0     0     0     0
 2376     0     0     0     0
 2377     0     0     0     0
 2378     0     0     0     0
 2379     0     0     0     0
 2380     0     0     0     0
 2381     0     0     0     0
 2382     0     0     0     0
 2383     0     0     0     0
 2384     0     0     0     0
 2385     0     0     0     0
 2386     0     0     0     0
 2387     0     0     0     0
 2388     0     0     0     0
 2389     0     0     0     0
 2390     0     0     0     0
 2391     0     0     0     0
 2392     0     0     0     0
 2393     0     0     0     0
 2394     0     0     0     0
 2395     0     0     0     0
 2396     0     0     0     0
 2397     0     0     0     0
 2398     0     0     0     0
 2399     0     0     0     0
 2400     0     0     0     0
 2401     0     0     0     0
 2402     0     0     0     0
 2403     0     0     0     0
 2404     0     0     0     0
 2405     0     0     0     0
 2406     0     0     0     0
 2407     0     0     0     0
 2408     0     0     0     0
 2409     0     0     0     0
 2410     0     0     0     0
 2411     0     0     0     0
 2412     0     0     0     0
 2413     0     0     0     0
 2414     0     0     0     0
 2415     0     0     0     0
 2416     0     0     0     0
 2417     0     0     0     0
 2418     0     0     0     0
 2419     0     0     0     0
 2420     0     0     0     0
 2421     0     0     0     0
 2422     0     0     0     0
 2423     0     0     0     0
 2424     0     0     0     0
 2425     0     0     0     0
 2426     0     0     0     0
 2427     0     0     0     0
 2428     0     0     0     0
 2429     0     0     0     0
 2430     0     0     0     0
 2431     0     0     0     0
 2432     0     0     0     0
 2433     0     0     0     0
 2434     0     0     0     0
 2435     0     0     0     0
 2436     0     0     0     0
 2437     0     0     0     0
 2438     0     0     0     0
 2439     0     0     0     0
 2440     0     0     0     0
 2441     0     0     0     0
 2442     0     0     0     0
 2443     0     0     0     0
 2444     0     0     0     0
 2445     0     0     0     0
 2446     0     0     0     0
 2447     0     0     0     0
 2448     0     0     0     0
 2449     0     0     0     0
 2450     0     0     0     0
 2451     0     0     0     0
 2452     0     0     0     0
 2453     0     0     0     0
 2454     0     0     0     0
 2455     0     0     0     0
 2456     0     0     0     0
 2457     0     0     0     0
 2458     0     0     0     0
 2459     0     0     0     0
 2460     0     0     0     0
 2461     0     0     0     0
 2462     0     0     0     0
 2463     0     0     0     0
 2464     0     0     0     0
 2465     0     0     0     0
 2466     0     0     0     0
 2467     0     0     0     0
 2468     0     0     0     0
 2469     0     0     0     0
 2470     0     0     0     0
 2471     0     0     0     0
 2472     0     0     0     0
 2473     0     0     0     0
 2474     0     0     0     0
 2475     0     0     0     0
 2476     0     0     0     0
 2477     0     0     0     0
 2478     0     0     0     0
 2479     0     0     0     0
 2480     0     0     0     0
 2481     0     0     0     0
 2482     0     0     0     0
 2483     0     0     0     0
 2484     0     0     0     0
 2485     0     0     0     0
 2486     0     0     0     0
 2487     0     0     0     0
 2488     0     0     0     0
 2489     0     0     0     0
 2490     0     0     0     0
 2491     0     0     0     0
 2492     0     0     0     0
 2493     0     0     0     0
 2494     0     0     0     0
 2495     0     0     0     0
 2496     0     0     0     0
 2497     0     0     0     0
 2498     0     0     0     0
 2499     0     0     0     0
 2500     0     0     0     0
 2501     0     0     0     0
 2502     0     0     0     0
 2503     0     0     0     0
 2504     0     0     0     0
 2505     0     0     0     0
 2506     0     0     0     0
 2507     0     0     0     0
 2508     0     0     0     0
 2509     0     0     0     0
 2510     0     0     0     0
 2511     0     0     0     0
 2512     0     0     0     0
 2513     0     0     0     0
 2514     0     0     0     0
 2515     0     0     0     0
 2516     0     0     0     0
 2517     0     0     0     0
 2518     0     0     0     0
 2519     0     0     0     0
 2520     0     0     0     0
 2521     0     0     0     0
 2522     0     0     0     0
 2523     0     0     0     0
 2524     0     0     0     0
 2525     0     0     0     0
 2526     0     0     0     0
 2527     0     0     0     0
 2528     0     0     0     0
 2529     0     0     0     0
 2530     0     0     0     0
 2531     0     0     0     0
 2532     0     0     0     0
 2533     0     0     0     0
 2534     0     0     0     0
 2535     0     0     0     0
 2536     0     0     0     0
 2537     0     0     0     0
 2538     0     0     0     0
 2539     0     0     0     0
 2540     0     0     0     0
 2541     0     0     0     0
 2542     0     0     0     0
 2543     0     0     0     0
 2544     0     0     0     0
 2545     0     0     0     0
 2546     0     0     0     0
 2547     0     0     0     0
 2548     0     0     0     0
 2549     0     0     0     0
 2550     0     0     0     0
 2551     0     0     0     0
 2552     0     0     0     0
 2553     0     0     0     0
 2554     0     0     0     0
 2555     0     0     0     0
 2556     0     0     0     0
 2557     0     0     0     0
 2558     0     0     0     0
 2559     0     0     0     0
 2560     0     0     0     0
 2561     0     0     0     0
 2562     0     0     0     0
 2563     0     0     0     0
 2564     0     0     0     0
 2565     0     0     0     0
 2566     0     0     0     0
 2567     0     0     0     0
 2568     0     0     0     0
 2569     0     0     0     0
 2570     0     0     0     0
 2571     0     0     0     0
 2572     0     0     0     0
 2573     0     0     0     0
 2574     0     0     0     0
 2575     0     0     0     0
 2576     0     0     0     0
 2577     0     0     0     0
 2578     0     0     0     0
 