    1     0     0     0     0
    2     0     0     0     0
    3     0     0     0     0
    4     0     0     0     0
    5     0     0     0     0
    6     0     0     0     0
    7     0     0     0     0
    8     0     0     0     0
    9     0     0     0     0
   10     0     0     0     0
   11     0     0     0     0
   12     0     0     0     0
   13     0     0     0     0
   14     0     0     0     0
   15     0     0     0     0
   16     0     0     0     0
   17     0     0     0     0
   18     0     0     0     0
   19     0     0     0     0
   20     0     0     0     0
   21     0     0     0     0
   22     0     0     0     0
   23     0     0     0     0
   24     0     0     0     0
   25     0     0     0     0
   26     0     0     0     0
   27     0     0     0     0
   28     0     0     0     0
   29     0     0     0     0
   30     0     0     0     0
   31     0     0     0     0
   32     0     0     0     0
   33     0     0     0     0
   34     0     0     0     0
   35     0     0     0     0
   36     0     0     0     0
   37     0     0     0     0
   38     0     0     0     0
   39     0     0     0     0
   40     0     0     0     0
   41     0     0     0     0
   42     0     0     0     0
   43     0     0     0     0
   44     0     0     0     0
   45     0     0     0     0
   46     7    14     7    14
   47     0     0     0     0
   48     6    12     6    12
   49     0     0     0     0
   50     0     0     0     0
   51     0     0     0     0
   52    14    28    14    28
   53    15    30    15    30
   54     0     0     0     0
   55     0     0     0     0
   56     2     3     2     3
   57     0     0     0     0
   58     0     0     0     0
   59     0     0     0     0
   60     0     0     0     0
   61     0     0     0     0
   62     0     0     0     0
   63     0     0     0     0
   64     0     0     0     0
   65     0     0     0     0
   66     0     0     0     0
   67     0     0     0     0
   68     0     0     0     0
   69     0     0     0     0
   70     0     0     0     0
   71     0     0     0     0
   72     0     0     0     0
   73     0     0     0     0
   74     0     0     0     0
   75     0     0     0     0
   76     0     0     0     0
   77     0     0     0     0
   78     0     0     0     0
   79     0     0     0     0
   80     0     0     0     0
   81     0     0     0     0
   82     0     0     0     0
   83     0     0     0     0
   84     0     0     0     0
   85     0     0     0     0
   86     0     0     0     0
   87     0     0     0     0
   88     0     0     0     0
   89     0     0     0     0
   90     0     0     0     0
   91     0     0     0     0
   92     0     0     0     0
   93     0     0     0     0
   94     0     0     0     0
   95     0     0     0     0
   96     0     0     0     0
   97     0     0     0     0
   98     0     0     0     0
   99     0     0     0     0
  100     0     0     0     0
  101     0     0     0     0
  102     0     0     0     0
  103     0     0     0     0
  104     0     0     0     0
  105     0     0     0     0
  106     0     0     0     0
  107     0     0     0     0
  108     0     0     0     0
  109     0     0     0     0
  110     0     0     0     0
  111     0     0     0     0
  112     0     0     0     0
  113     0     0     0     0
  114     0     0     0     0
  115     0     0     0     0
  116     0     0     0     0
  117     0     0     0     0
  118     0     0     0     0
  119     0     0     0     0
  120     0     0     0     0
  121     0     0     0     0
  122     0     0     0     0
  123     0     0     0     0
  124     0     0     0     0
  125     0     0     0     0
  126     0     0     0     0
  127     0     0     0     0
  128     0     0     0     0
  129     0     0     0     0
  130     0     0     0     0
  131     0     0     0     0
  132     0     0     0     0
  133     0     0     0     0
  134     0     0     0     0
  135     0     0     0     0
  136     0     0     0     0
  137     0     0     0     0
  138     5     9     5     9
  139     0     0     0     0
  140     0     0     0     0
  141     0     0     0     0
  142     0     0     0     0
  143     0     0     0     0
  144     9    17     9    17
  145     0     0     0     0
  146     3     6     3     6
  147     8    15     8    15
  148    44    88    44    88
  149     8    15     8    15
  150     0     0     0     0
  151     0     0     0     0
  152     0     0     0     0
  153     9    17     9    17
  154    14    27    14    27
  155    53   100    53   100
  156    14    28    14    28
  157    11    23    11    23
  158     0     0     0     0
  159     0     0     0     0
  160     8    17     8    17
  161     0     0     0     0
  162    23    46    23    46
  163     1     1     1     1
  164     0     0     0     0
  165    47    94    47    94
  166     0     0     0     0
  167     5    10     5    10
  168    36    72    36    72
  169     7    14     7    14
  170    82   100    82   100
  171     0     0     0     0
  172    56   100    56   100
  173     0     0     0     0
  174     0     0     0     0
  175     0     0     0     0
  176    70   100    70   100
  177     0     0     0     0
  178    67   100    67   100
  179    90   100    90   100
  180    97   100    97   100
  181    92   100    92   100
  182    89   100    89   100
  183     0     0     0     0
  184     6    11     6    11
  185    78   100    78   100
  186     6    13     6    13
  187     0     0     0     0
  188     0     0     0     0
  189    93   100    93   100
  190    42    85    42    85
  191    88   100    88   100
  192    16    31    16    31
  193    53   100    53   100
  194   100   100   100   100
  195    79   100    79   100
  196    98   100    98   100
  197    78   100    78   100
  198    28    57    28    57
  199     0     0     0     0
  200     0     0     0     0
  201    15    31    15    31
  202    82   100    82   100
  203     0     0     0     0
  204     0     0     0     0
  205     0     0     0     0
  206     0     0     0     0
  207     0     0     0     0
  208     0     0     0     0
  209     0     0     0     0
  210     0     0     0     0
  211     0     0     0     0
  212     0     0     0     0
  213     0     0     0     0
  214     0     0     0     0
  215     0     0     0     0
  216     0     0     0     0
  217     0     0     0     0
  218     0     0     0     0
  219     0     0     0     0
  220     0     0     0     0
  221     0     0     0     0
  222     0     0     0     0
  223     0     0     0     0
  224     0     0     0     0
  225     0     0     0     0
  226     0     0     0     0
  227    55   100    55   100
  228    60   100    60   100
  229     7    14     7    14
  230     0     0     0     0
  231    72   100    72   100
  232    85   100    85   100
  233    48    96    48    96
  234    34    67    34    67
  235    43    86    43    86
  236   100   100   100   100
  237    76   100    76   100
  238   100   100   100   100
  239    41    82    41    82
  240    24    47    24    47
  241   100   100   100   100
  242   100   100   100   100
  243   100   100   100   100
  244    75   100    75   100
  245    98   100    98   100
  246   100   100   100   100
  247     0     0     0     0
  248    93   100    93   100
  249   100   100   100   100
  250    24    47    24    47
  251    89   100    89   100
  252   100   100   100   100
  253    66   100    66   100
  254     0     1     0     1
  255   100   100   100   100
  256    22    44    22    44
  257    32    64    32    64
  258    40    80    40    80
  259   100   100   100   100
  260    58   100    58   100
  261    84   100    84   100
  262   100   100   100   100
  263    63   100    63   100
  264   100   100   100   100
  265   100   100   100   100
  266   100   100   100   100
  267    78   100    78   100
  268   100   100   100   100
  269    96   100    96   100
  270    96   100    96   100
  271   100   100   100   100
  272    98   100    98   100
  273    61   100    61   100
  274    82   100    82   100
  275   100   100   100   100
  276   100   100   100   100
  277    35    70    35    70
  278    46    92    46    92
  279    78   100    78   100
  280    88   100    88   100
  281   100   100   100   100
  282   100   100   100   100
  283    77   100    77   100
  284   100   100   100   100
  285    98   100    98   100
  286   100   100   100   100
  287   100   100   100   100
  288   100   100   100   100
  289   100   100   100   100
  290    98   100    98   100
  291    99   100    99   100
  292    54   100    54   100
  293   100   100   100   100
  294   100   100   100   100
  295    19    39    19    39
  296    31    62    31    62
  297    97   100    97   100
  298   100   100   100   100
  299    48    95    48    95
  300    43    85    43    85
  301     1     1     1     1
  302    93   100    93   100
  303   100   100   100   100
  304   100   100   100   100
  305    47    95    47    95
  306    52   100    52   100
  307    96   100    96   100
  308    72   100    72   100
  309     0     0     0     0
  310    14    27    14    27
  311   100   100   100   100
  312   100   100   100   100
  313    91   100    91   100
  314   100   100   100   100
  315    61   100    61   100
  316    93   100    93   100
  317   100   100   100   100
  318    97   100    97   100
  319   100   100   100   100
  320    21    41    21    41
  321    62   100    62   100
  322   100   100   100   100
  323    18    35    18    35
  324    33    67    33    67
  325    20    41    20    41
  326   100   100   100   100
  327   100   100   100   100
  328   100   100   100   100
  329   100   100   100   100
  330   100   100   100   100
  331   100   100   100   100
  332   100   100   100   100
  333    86   100    86   100
  334    51   100    51   100
  335    91   100    91   100
  336     0     0     0     0
  337     0     0     0     0
  338     0     0     0     0
  339     0     0     0     0
  340     0     0     0     0
  341     0     0     0     0
  342     0     0     0     0
  343     0     0     0     0
  344     0     0     0     0
  345     0     0     0     0
  346     0     0     0     0
  347     0     0     0     0
  348     0     0     0     0
  349     0     0     0     0
  350     0     0     0     0
  351     0     0     0     0
  352     0     0     0     0
  353    34    68    34    68
  354     0     0     0     0
  355    97   100    97   100
  356     0     1     0     1
  357   100   100   100   100
  358    10    21    10    21
  359   100   100   100   100
  360    85   100    85   100
  361   100   100   100   100
  362   100   100   100   100
  363   100   100   100   100
  364     0     0     0     0
  365     0     0     0     0
  366     0     0     0     0
  367     0     0     0     0
  368     0     0     0     0
  369    94   100    94   100
  370   100   100   100   100
  371    92   100    92   100
  372    49    97    49    97
  373     3     6     3     6
  374   100   100   100   100
  375   100   100   100   100
  376     0     0     0     0
  377     0     0     0     0
  378     0     0     0     0
  379     0     0     0     0
  380     0     0     0     0
  381   100   100   100   100
  382    12    24    12    24
  383    99   100    99   100
  384     3     7     3     7
  385     4     8     4     8
  386   100   100   100   100
  387   100   100   100   100
  388    97   100    97   100
  389    79   100    79   100
  390   100   100   100   100
  391   100   100   100   100
  392   100   100   100   100
  393    10    21    10    21
  394    45    90    45    90
  395   100   100   100   100
  396   100   100   100   100
  397   100   100   100   100
  398   100   100   100   100
  399    50   100    50   100
  400   100   100   100   100
  401   100   100   100   100
  402     7    15     7    15
  403     0     0     0     0
  404     0     0     0     0
  405     0     0     0     0
  406     0     0     0     0
  407     0     0     0     0
  408   100   100   100   100
  409   100   100   100   100
  410   100   100   100   100
  411   100   100   100   100
  412   100   100   100   100
  413   100   100   100   100
  414   100   100   100   100
  415   100   100   100   100
  416   100   100   100   100
  417   100   100   100   100
  418   100   100   100   100
  419   100   100   100   100
  420   100   100   100   100
  421   100   100   100   100
  422   100   100   100   100
  423   100   100   100   100
  424    84   100    84   100
  425   100   100   100   100
  426    46    91    46    91
  427   100   100   100   100
  428   100   100   100   100
  429   100   100   100   100
  430   100   100   100   100
  431   100   100   100   100
  432   100   100   100   100
  433   100   100   100   100
  434   100   100   100   100
  435   100   100   100   100
  436    33    67    33    67
  437    40    81    40    81
  438    41    83    41    83
  439     6    11     6    11
  440    24    47    24    47
  441    85   100    85   100
  442    86   100    86   100
  443   100   100   100   100
  444    98   100    98   100
  445   100   100   100   100
  446   100   100   100   100
  447    98   100    98   100
  448    96   100    96   100
  449   100   100   100   100
  450    36    72    36    72
  451     1     3     1     3
  452   100   100   100   100
  453    62   100    62   100
  454    98   100    98   100
  455    91   100    91   100
  456    75   100    75   100
  457    17    35    17    35
  458    91   100    91   100
  459     0     0     0     0
  460    19    38    19    38
  461    87   100    87   100
  462   100   100   100   100
  463    62   100    62   100
  464    98   100    98   100
  465   100   100   100   100
  466     0     0     0     0
  467   100   100   100   100
  468     8    16     8    16
  469     0     0     0     0
  470   100   100   100   100
  471   100   100   100   100
  472    62   100    62   100
  473   100   100   100   100
  474   100   100   100   100
  475   100   100   100   100
  476   100   100   100   100
  477   100   100   100   100
  478    92   100    92   100
  479   100   100   100   100
  480   100   100   100   100
  481    87   100    87   100
  482   100   100   100   100
  483   100   100   100   100
  484     0     0     0     0
  485   100   100   100   100
  486    99   100    99   100
  487   100   100   100   100
  488     0     0     0     0
  489   100   100   100   100
  490    14    27    14    27
  491    38    76    38    76
  492    91   100    91   100
  493   100   100   100   100
  494   100   100   100   100
  495   100   100   100   100
  496    65   100    65   100
  497   100   100   100   100
  498     4     9     4     9
  499   100   100   100   100
  500   100   100   100   100
  501    37    74    37    74
  502    65   100    65   100
  503    95   100    95   100
  504    61   100    61   100
  505    44    88    44    88
  506    54   100    54   100
  507     1     1     1     1
  508    71   100    71   100
  509    81   100    81   100
  510    81   100    81   100
  511     0     0     0     0
  512    62   100    62   100
  513    95   100    95   100
  514     0     0     0     0
  515    14    29    14    29
  516    48    97    48    97
  517    48    97    48    97
  518   100   100   100   100
  519     1     3     1     3
  520    49    98    49    98
  521     0     0     0     0
  522    43    86    43    86
  523     0     0     0     0
  524   100   100   100   100
  525     0     0     0     0
  526     4     8     4     8
  527    93   100    93   100
  528     0     0     0     0
  529    78   100    78   100
  530   100   100   100   100
  531     0     0     0     0
  532    11    23    11    23
  533    98   100    98   100
  534    80   100    80   100
  535     0     0     0     0
  536     0     0     0     0
  537    76   100    76   100
  538    52   100    52   100
  539     0     0     0     0
  540     0     0     0     0
  541    26    52    26    52
  542    97   100    97   100
  543     0     0     0     0
  544     0     0     0     0
  545    59   100    59   100
  546     0     0     0     0
  547     0     0     0     0
  548     0     0     0     0
  549     9    18     9    18
  550     0     0     0     0
  551    40    79    40    79
  552    30    61    30    61
  553     0     0     0     0
  554     0     0     0     0
  555     0     0     0     0
  556    29    58    29    58
  557    48    96    48    96
  558     0     0     0     0
  559     0     0     0     0
  560     0     0     0     0
  561    36    71    36    71
  562     0     0     0     0
  563     0     0     0     0
  564   100   100   100   100
  565   100   100   100   100
  566   100   100   100   100
  567   100   100   100   100
  568    41    82    41    82
  569    55   100    55   100
  570    83   100    83   100
  571     0     0     0     0
  572   100   100   100   100
  573    97   100    97   100
  574    35    70    35    70
  575    52   100    52   100
  576    18    37    18    37
  577    78   100    78   100
  578     0     0     0     0
  579     0     0     0     0
  580     0     0     0     0
  581     0     0     0     0
  582     0     0     0     0
  583     0     0     0     0
  584     0     0     0     0
  585     0     0     0     0
  586     0     0     0     0
  587     0     0     0     0
  588     0     0     0     0
  589    83   100    83   100
  590    42    83    42    83
  591   100   100   100   100
  592   100   100   100   100
  593   100   100   100   100
  594   100   100   100   100
  595   100   100   100   100
  596   100   100   100   100
  597   100   100   100   100
  598   100   100   100   100
  599   100   100   100   100
  600    29    59    29    59
  601   100   100   100   100
  602   100   100   100   100
  603   100   100   100   100
  604   100   100   100   100
  605   100   100   100   100
  606    93   100    93   100
  607   100   100   100   100
  608    99   100    99   100
  609   100   100   100   100
  610   100   100   100   100
  611   100   100   100   100
  612   100   100   100   100
  613   100   100   100   100
  614   100   100   100   100
  615   100   100   100   100
  616   100   100   100   100
  617    90   100    90   100
  618    60   100    60   100
  619   100   100   100   100
  620   100   100   100   100
  621   100   100   100   100
  622   100   100   100   100
  623   100   100   100   100
  624   100   100   100   100
  625   100   100   100   100
  626   100   100   100   100
  627   100   100   100   100
  628   100   100   100   100
  629   100   100   100   100
  630   100   100   100   100
  631   100   100   100   100
  632   100   100   100   100
  633   100   100   100   100
  634   100   100   100   100
  635   100   100   100   100
  636   100   100   100   100
  637   100   100   100   100
  638   100   100   100   100
  639   100   100   100   100
  640   100   100   100   100
  641   100   100   100   100
  642   100   100   100   100
  643   100   100   100   100
  644   100   100   100   100
  645   100   100   100   100
  646   100   100   100   100
  647   100   100   100   100
  648   100   100   100   100
  649   100   100   100   100
  650   100   100   100   100
  651   100   100   100   100
  652   100   100   100   100
  653   100   100   100   100
  654   100   100   100   100
  655   100   100   100   100
  656   100   100   100   100
  657   100   100   100   100
  658   100   100   100   100
  659   100   100   100   100
  660   100   100   100   100
  661   100   100   100   100
  662   100   100   100   100
  663   100   100   100   100
  664   100   100   100   100
  665   100   100   100   100
  666   100   100   100   100
  667   100   100   100   100
  668   100   100   100   100
  669   100   100   100   100
  670   100   100   100   100
  671   100   100   100   100
  672   100   100   100   100
  673   100   100   100   100
  674   100   100   100   100
  675   100   100   100   100
  676   100   100   100   100
  677   100   100   100   100
  678   100   100   100   100
  679   100   100   100   100
  680   100   100   100   100
  681   100   100   100   100
  682   100   100   100   100
  683   100   100   100   100
  684   100   100   100   100
  685   100   100   100   100
  686   100   100   100   100
  687   100   100   100   100
  688   100   100   100   100
  689   100   100   100   100
  690   100   100   100   100
  691   100   100   100   100
  692   100   100   100   100
  693   100   100   100   100
  694   100   100   100   100
  695   100   100   100   100
  696   100   100   100   100
  697   100   100   100   100
  698   100   100   100   100
  699   100   100   100   100
  700   100   100   100   100
  701   100   100   100   100
  702   100   100   100   100
  703   100   100   100   100
  704   100   100   100   100
  705   100   100   100   100
  706   100   100   100   100
  707   100   100   100   100
  708   100   100   100   100
  709   100   100   100   100
  710   100   100   100   100
  711   100   100   100   100
  712   100   100   100   100
  713   100   100   100   100
  714   100   100   100   100
  715   100   100   100   100
  716   100   100   100   100
  717   100   100   100   100
  718   100   100   100   100
  719   100   100   100   100
  720   100   100   100   100
  721   100   100   100   100
  722   100   100   100   100
  723   100   100   100   100
  724   100   100   100   100
  725   100   100   100   100
  726   100   100   100   100
  727   100   100   100   100
  728   100   100   100   100
  729   100   100   100   100
  730   100   100   100   100
  731   100   100   100   100
  732   100   100   100   100
  733   100   100   100   100
  734   100   100   100   100
  735   100   100   100   100
  736   100   100   100   100
  737   100   100   100   100
  738   100   100   100   100
  739   100   100   100   100
  740   100   100   100   100
  741   100   100   100   100
  742   100   100   100   100
  743   100   100   100   100
  744   100   100   100   100
  745   100   100   100   100
  746   100   100   100   100
  747   100   100   100   100
  748   100   100   100   100
  749   100   100   100   100
  750   100   100   100   100
  751   100   100   100   100
  752   100   100   100   100
  753   100   100   100   100
  754   100   100   100   100
  755   100   100   100   100
  756   100   100   100   100
  757   100   100   100   100
  758   100   100   100   100
  759   100   100   100   100
  760   100   100   100   100
  761   100   100   100   100
  762   100   100   100   100
  763   100   100   100   100
  764   100   100   100   100
  765   100   100   100   100
  766   100   100   100   100
  767   100   100   100   100
  768   100   100   100   100
  769   100   100   100   100
  770   100   100   100   100
  771   100   100   100   100
  772     0     0     0     0
  773     0     0     0     0
  774     0     0     0     0
  775     0     0     0     0
  776     0     0     0     0
  777     0     0     0     0
  778     0     0     0     0
  779     0     0     0     0
  780     0     0     0     0
  781     0     0     0     0
  782     0     0     0     0
  783    80   100    80   100
  784    87   100    87   100
  785    64   100    64   100
  786    81   100    81   100
  787    76   100    76   100
  788   100   100   100   100
  789     0     0     0     0
  790     0     0     0     0
  791    63   100    63   100
  792   100   100   100   100
  793   100   100   100   100
  794   100   100   100   100
  795     0     0     0     0
  796    14    28    14    28
  797     0     0     0     0
  798    97   100    97   100
  799   100   100   100   100
  800    76   100    76   100
  801   100   100   100   100
  802   100   100   100   100
  803   100   100   100   100
  804    50   100    50   100
  805    95   100    95   100
  806   100   100   100   100
  807   100   100   100   100
  808   100   100   100   100
  809    17    34    17    34
  810     0     0     0     0
  811     0     0     0     0
  812   100   100   100   100
  813    80   100    80   100
  814   100   100   100   100
  815   100   100   100   100
  816   100   100   100   100
  817   100   100   100   100
  818   100   100   100   100
  819   100   100   100   100
  820   100   100   100   100
  821    99   100    99   100
  822    98   100    98   100
  823     0     0     0     0
  824    84   100    84   100
  825   100   100   100   100
  826   100   100   100   100
  827     0     0     0     0
  828   100   100   100   100
  829     3     6     3     6
  830   100   100   100   100
  831   100   100   100   100
  832   100   100   100   100
  833    92   100    92   100
  834     0     0     0     0
  835   100   100   100   100
  836   100   100   100   100
  837     0     0     0     0
  838    80   100    80   100
  839   100   100   100   100
  840   100   100   100   100
  841   100   100   100   100
  842     0     0     0     0
  843   100   100   100   100
  844   100   100   100   100
  845    95   100    95   100
  846   100   100   100   100
  847     0     0     0     0
  848   100   100   100   100
  849    85   100    85   100
  850   100   100   100   100
  851     0     0     0     0
  852     0     0     0     0
  853   100   100   100   100
  854   100   100   100   100
  855     0     0     0     0
  856    91   100    91   100
  857   100   100   100   100
  858    99   100    99   100
  859     0     0     0     0
  860     0     0     0     0
  861   100   100   100   100
  862   100   100   100   100
  863     0     0     0     0
  864    98   100    98   100
  865    21    41    21    41
  866   100   100   100   100
  867   100   100   100   100
  868    89   100    89   100
  869    84   100    84   100
  870     0     0     0     0
  871    96   100    96   100
  872   100   100   100   100
  873   100   100   100   100
  874   100   100   100   100
  875    82   100    82   100
  876   100   100   100   100
  877    64   100    64   100
  878   100   100   100   100
  879   100   100   100   100
  880     0     0     0     0
  881   100   100   100   100
  882    58   100    58   100
  883    19    38    19    38
  884    95   100    95   100
  885   100   100   100   100
  886   100   100   100   100
  887    97   100    97   100
  888   100   100   100   100
  889    99   100    99   100
  890     0     0     0     0
  891    96   100    96   100
  892     0     0     0     0
  893     0     0     0     0
  894   100   100   100   100
  895     0     0     0     0
  896     0     0     0     0
  897   100   100   100   100
  898   100   100   100   100
  899   100   100   100   100
  900   100   100   100   100
  901   100   100   100   100
  902   100   100   100   100
  903   100   100   100   100
  904   100   100   100   100
  905    27    54    27    54
  906    32    65    32    65
  907   100   100   100   100
  908    56   100    56   100
  909   100   100   100   100
  910   100   100   100   100
  911   100   100   100   100
  912   100   100   100   100
  913   100   100   100   100
  914   100   100   100   100
  915   100   100   100   100
  916   100   100   100   100
  917   100   100   100   100
  918   100   100   100   100
  919   100   100   100   100
  920   100   100   100   100
  921    56   100    56   100
  922    94   100    94   100
  923    91   100    91   100
  924    78   100    78   100
  925   100   100   100   100
  926    90   100    90   100
  927   100   100   100   100
  928   100   100   100   100
  929   100   100   100   100
  930   100   100   100   100
  931    78   100    78   100
  932   100   100   100   100
  933   100   100   100   100
  934   100   100   100   100
  935   100   100   100   100
  936   100   100   100   100
  937    60   100    60   100
  938   100   100   100   100
  939    57   100    57   100
  940    16    32    16    32
  941     0     0     0     0
  942    12    24    12    24
  943   100   100   100   100
  944   100   100   100   100
  945   100   100   100   100
  946     1     3     1     3
  947     0     1     0     1
  948    99   100    99   100
  949    74   100    74   100
  950   100   100   100   100
  951    44    88    44    88
  952   100   100   100   100
  953   100   100   100   100
  954   100   100   100   100
  955     0     0     0     0
  956   100   100   100   100
  957     0     0     0     0
  958    29    59    29    59
  959    92   100    92   100
  960    54   100    54   100
  961     0     0     0     0
  962     0     0     0     0
  963     0     0     0     0
  964     0     0     0     0
  965     0     0     0     0
  966     0     0     0     0
  967     0     0     0     0
  968     0     0     0     0
  969     0     0     0     0
  970     0     0     0     0
  971     0     0     0     0
  972     0     0     0     0
  973     0     0     0     0
  974     0     0     0     0
  975    70   100    70   100
  976    94   100    94   100
  977    55   100    55   100
  978     0     0     0     0
  979     0     0     0     0
  980     0     0     0     0
  981     0     0     0     0
  982     5    10     5    10
  983     9    18     9    18
  984    42    85    42    85
  985    43    87    43    87
  986    99   100    99   100
  987   100   100   100   100
  988   100   100   100   100
  989   100   100   100   100
  990    53   100    53   100
  991     8    16     8    16
  992   100   100   100   100
  993    48    95    48    95
  994   100   100   100   100
  995     6    12     6    12
  996   100   100   100   100
  997    33    66    33    66
  998   100   100   100   100
  999    92   100    92   100
 1000    55   100    55   100
 1001    45    90    45    90
 1002   100   100   100   100
 1003    99   100    99   100
 1004   100   100   100   100
 1005     0     0     0     0
 1006   100   100   100   100
 1007     0     0     0     0
 1008     8    15     8    15
 1009    98   100    98   100
 1010   100   100   100   100
 1011    69   100    69   100
 1012     0     1     0     1
 1013   100   100   100   100
 1014    31    61    31    61
 1015    92   100    92   100
 1016   100   100   100   100
 1017   100   100   100   100
 1018    85   100    85   100
 1019     0     0     0     0
 1020     0     0     0     0
 1021    76   100    76   100
 1022     0     1     0     1
 1023   100   100   100   100
 1024   100   100   100   100
 1025    47    95    47    95
 1026    14    28    14    28
 1027     0     0     0     0
 1028     0     0     0     0
 1029   100   100   100   100
 1030    80   100    80   100
 1031   100   100   100   100
 1032   100   100   100   100
 1033    74   100    74   100
 1034    81   100    81   100
 1035    65   100    65   100
 1036    93   100    93   100
 1037     0     0     0     0
 1038   100   100   100   100
 1039     0     0     0     0
 1040   100   100   100   100
 1041   100   100   100   100
 1042   100   100   100   100
 1043    32    64    32    64
 1044   100   100   100   100
 1045   100   100   100   100
 1046    94   100    94   100
 1047   100   100   100   100
 1048   100   100   100   100
 1049    29    58    29    58
 1050   100   100   100   100
 1051    99   100    99   100
 1052     0     0     0     0
 1053   100   100   100   100
 1054    91   100    91   100
 1055    33    65    33    65
 1056   100   100   100   100
 1057    63   100    63   100
 1058    56   100    56   100
 1059   100   100   100   100
 1060    90   100    90   100
 1061   100   100   100   100
 1062   100   100   100   100
 1063    86   100    86   100
 1064   100   100   100   100
 1065   100   100   100   100
 1066   100   100   100   100
 1067    95   100    95   100
 1068    99   100    99   100
 1069    57   100    57   100
 1070    96   100    96   100
 1071    10    20    10    20
 1072    96   100    96   100
 1073    58   100    58   100
 1074    93   100    93   100
 1075    61   100    61   100
 1076    88   100    88   100
 1077    66   100    66   100
 1078    30    61    30    61
 1079    57   100    57   100
 1080   100   100   100   100
 1081    99   100    99   100
 1082   100   100   100   100
 1083     0     0     0     0
 1084    31    62    31    62
 1085     9    19     9    19
 1086     8    15     8    15
 1087    34    68    34    68
 1088    86   100    86   100
 1089     0     0     0     0
 1090    58   100    58   100
 1091    97   100    97   100
 1092     1     2     1     2
 1093    27    55    27    55
 1094     0     0     0     0
 1095     0     0     0     0
 1096    31    62    31    62
 1097    88   100    88   100
 1098    18    36    18    36
 1099     5     9     5     9
 1100     0     0     0     0
 1101    91   100    91   100
 1102    21    42    21    42
 1103    39    79    39    79
 1104     0     0     0     0
 1105     0     0     0     0
 1106     0     0     0     0
 1107    96   100    96   100
 1108    99   100    99   100
 1109    48    95    48    95
 1110     0     0     0     0
 1111     0     0     0     0
 1112     0     0     0     0
 1113     0     0     0     0
 1114    44    87    44    87
 1115   100   100   100   100
 1116    20    41    20    41
 1117     0     0     0     0
 1118   100   100   100   100
 1119    53   100    53   100
 1120    46    92    46    92
 1121     5    11     5    11
 1122    32    64    32    64
 1123     0     0     0     0
 1124     0     0     0     0
 1125     0     0     0     0
 1126     0     0     0     0
 1127     0     0     0     0
 1128     0     0     0     0
 1129     0     0     0     0
 1130     0     0     0     0
 1131     0     0     0     0
 1132     0     0     0     0
 1133     0     0     0     0
 1134     0     0     0     0
 1135     0     0     0     0
 1136     0     0     0     0
 1137     0     0     0     0
 1138     0     0     0     0
 1139     0     0     0     0
 1140    28    56    28    56
 1141    89   100    89   100
 1142   100   100   100   100
 1143     0     0     0     0
 1144     3     5     3     5
 1145    98   100    98   100
 1146    81   100    81   100
 1147     0     0     0     0
 1148    60   100    60   100
 1149    64   100    64   100
 1150    13    26    13    26
 1151     2     4     2     4
 1152    41    82    41    82
 1153     0     0     0     0
 1154    51   100    51   100
 1155     0     0     0     0
 1156    21    42    21    42
 1157    74   100    74   100
 1158     9    18     9    18
 1159    14    28    14    28
 1160    65   100    65   100
 1161    35    70    35    70
 1162    55   100    55   100
 1163    91   100    91   100
 1164     0     0     0     0
 1165     0     0     0     0
 1166     0     0     0     0
 1167     0     0     0     0
 1168     0     0     0     0
 1169     0     0     0     0
 1170     0     0     0     0
 1171     0     0     0     0
 1172     0     0     0     0
 1173     0     0     0     0
 1174     7    14     7    14
 1175     5     9     5     9
 1176     5    11     5    11
 1177     0     0     0     0
 1178     0     0     0     0
 1179     0     0     0     0
 1180     0     0     0     0
 1181     0     0     0     0
 1182     0     0     0     0
 1183     0     0     0     0
 1184     0     0     0     0
 1185     0     0     0     0
 1186     0     0     0     0
 1187     0     0     0     0
 1188     0     0     0     0
 1189     0     0     0     0
 1190     0     0     0     0
 1191     0     0     0     0
 1192     0     0     0     0
 1193    13    26    13    26
 1194     3     7     3     7
 1195     0     0     0     0
 1196     6    13     6    13
 1197    11    22    11    22
 1198    25    51    25    51
 1199     5    10     5    10
 1200    31    61    31    61
 1201    28    57    28    57
 1202    16    32    16    32
 1203    22    44    22    44
 1204    92   100    92   100
 1205    38    76    38    76
 1206   100   100   100   100
 1207    67   100    67   100
 1208   100   100   100   100
 1209    84   100    84   100
 1210   100   100   100   100
 1211    45    90    45    90
 1212   100   100   100   100
 1213     8    16     8    16
 1214     0     0     0     0
 1215     0     0     0     0
 1216     0     0     0     0
 1217     0     0     0     0
 1218     0     0     0     0
 1219     0     0     0     0
 1220     0     0     0     0
 1221     0     0     0     0
 1222     0     0     0     0
 1223     0     0     0     0
 1224     0     0     0     0
 1225     0     0     0     0
 1226     0     0     0     0
 1227     0     0     0     0
 1228    47    95    47    95
 1229    35    71    35    71
 1230    78   100    78   100
 1231    68   100    68   100
 1232    13    27    13    27
 1233     0     0     0     0
 1234    96   100    96   100
 1235    22    45    22    45
 1236     0     0     0     0
 1237    63   100    63   100
 1238     0     0     0     0
 1239     0     0     0     0
 1240     0     0     0     0
 1241     0     0     0     0
 1242     0     0     0     0
 1243     0     0     0     0
 1244     0     0     0     0
 1245     0     0     0     0
 1246     0     0     0     0
 1247     0     0     0     0
 1248     0     0     0     0
 1249     0     0     0     0
 1250     0     0     0     0
 1251    11    23    11    23
 1252    13    26    13    26
 1253     0     0     0     0
 1254    45    89    45    89
 1255    15    30    15    30
 1256    26    52    26    52
 1257    27    54    27    54
 1258     0     0     0     0
 1259    14    28    14    28
 1260     0     0     0     0
 1261    23    46    23    46
 1262     0     0     0     0
 1263     0     0     0     0
 1264     0     0     0     0
 1265     0     0     0     0
 1266     0     0     0     0
 1267     0     0     0     0
 1268     0     0     0     0
 1269     0     0     0     0
 1270     0     0     0     0
 1271     0     0     0     0
 1272     0     0     0     0
 1273     0     0     0     0
 1274     0     0     0     0
 1275     0     0     0     0
 1276    30    60    30    60
 1277    79   100    79   100
 1278    99   100    99   100
 1279    49    98    49    98
 1280    90   100    90   100
 1281    34    67    34    67
 1282    62   100    62   100
 1283     0     0     0     0
 1284    70   100    70   100
 1285    68   100    68   100
 1286    56   100    56   100
 1287   100   100   100   100
 1288    50    99    50    99
 1289    57   100    57   100
 1290   100   100   100   100
 1291    60   100    60   100
 1292     2     5     2     5
 1293     3     5     3     5
 1294     0     0     0     0
 1295     0     0     0     0
 1296     0     0     0     0
 1297     0     0     0     0
 1298     0     0     0     0
 1299     0     0     0     0
 1300     0     0     0     0
 1301     0     0     0     0
 1302     0     0     0     0
 1303     0     0     0     0
 1304     9    18     9    18
 1305   100   100   100   100
 1306    88   100    88   100
 1307   100   100   100   100
 1308   100   100   100   100
 1309    31    62    31    62
 1310    43    86    43    86
 1311    60   100    60   100
 1312   100   100   100   100
 1313   100   100   100   100
 1314   100   100   100   100
 1315   100   100   100   100
 1316   100   100   100   100
 1317    78   100    78   100
 1318   100   100   100   100
 1319   100   100   100   100
 1320    40    81    40    81
 1321    90   100    90   100
 1322   100   100   100   100
 1323    90   100    90   100
 1324    73   100    73   100
 1325    63   100    63   100
 1326   100   100   100   100
 1327   100   100   100   100
 1328   100   100   100   100
 1329    57   100    57   100
 1330    75   100    75   100
 1331   100   100   100   100
 1332    61   100    61   100
 1333    39    78    39    78
 1334    63   100    63   100
 1335   100   100   100   100
 1336    15    30    15    30
 1337    19    37    19    37
 1338    84   100    84   100
 1339    62   100    62   100
 1340   100   100   100   100
 1341   100   100   100   100
 1342    79   100    79   100
 1343    86   100    86   100
 1344    23    45    23    45
 1345   100   100   100   100
 1346     0     0     0     0
 1347     4     7     4     7
 1348    96   100    96   100
 1349     0     0     0     0
 1350     0     0     0     0
 1351     0     0     0     0
 1352     0     0     0     0
 1353     0     0     0     0
 1354     0     0     0     0
 1355     0     0     0     0
 1356     0     0     0     0
 1357     0     0     0     0
 1358     0     0     0     0
 1359     0     0     0     0
 1360     0     0     0     0
 1361     0     0     0     0
 1362     0     0     0     0
 1363     0     1     0     1
 1364     0     0     0     0
 1365     0     0     0     0
 1366    12    23    12    23
 1367     0     0     0     0
 1368     8    16     8    16
 1369    14    27    14    27
 1370    24    47    24    47
 1371    48    96    48    96
 1372    15    29    15    29
 1373     2     4     2     4
 1374    13    27    13    27
 1375     9    18     9    18
 1376     0     0     0     0
 1377     0     0     0     0
 1378     0     0     0     0
 1379     0     0     0     0
 1380     0     0     0     0
 1381     0     0     0     0
 1382     0     0     0     0
 1383     0     0     0     0
 1384     0     0     0     0
 1385     0     0     0     0
 1386     0     0     0     0
 1387     0     0     0     0
 1388     0     0     0     0
 1389     0     0     0     0
 1390     0     0     0     0
 1391     0     0     0     0
 1392     0     0     0     0
 1393   100   100   100   100
 1394   100   100   100   100
 1395   100   100   100   100
 1396   100   100   100   100
 1397   100   100   100   100
 1398   100   100   100   100
 1399    73   100    73   100
 1400    77   100    77   100
 1401   100   100   100   100
 1402   100   100   100   100
 1403   100   100   100   100
 1404    99   100    99   100
 1405    78   100    78   100
 1406    36    71    36    71
 1407     0     0     0     0
 1408     0     0     0     0
 1409     0     0     0     0
 1410     0     0     0     0
 1411     0     0     0     0
 1412   100   100   100   100
 1413    63   100    63   100
 1414    26    52    26    52
 1415   100   100   100   100
 1416   100   100   100   100
 1417    60   100    60   100
 1418    47    95    47    95
 1419    99   100    99   100
 1420   100   100   100   100
 1421     1     3     1     3
 1422     0     0     0     0
 1423     0     0     0     0
 1424     0     0     0     0
 1425     0     0     0     0
 1426     0     0     0     0
 1427     0     0     0     0
 1428     0     0     0     0
 1429     0     0     0     0
 1430     0     0     0     0
 1431    43    86    43    86
 1432    15    31    15    31
 1433     0     1     0     1
 1434    21    42    21    42
 1435    98   100    98   100
 1436    10    20    10    20
 1437    94   100    94   100
 1438    48    96    48    96
 1439    10    20    10    20
 1440    58   100    58   100
 1441    24    48    24    48
 1442     0     0     0     0
 1443     0     0     0     0
 1444     0     0     0     0
 1445     0     0     0     0
 1446     0     0     0     0
 1447     0     0     0     0
 1448     0     0     0     0
 1449     0     0     0     0
 1450     0     0     0     0
 1451     0     0     0     0
 1452     0     0     0     0
 1453     0     0     0     0
 1454   100   100   100   100
 1455    32    63    32    63
 1456     1     1     1     1
 1457    62   100    62   100
 1458     0     0     0     0
 1459    12    24    12    24
 1460     0     0     0     0
 1461   100   100   100   100
 1462     0     0     0     0
 1463    53   100    53   100
 1464    55   100    55   100
 1465    40    79    40    79
 1466    14    28    14    28
 1467    99   100    99   100
 1468    30    61    30    61
 1469    19    37    19    37
 1470    67   100    67   100
 1471   100   100   100   100
 1472    25    51    25    51
 1473    89   100    89   100
 1474    52   100    52   100
 1475     7    14     7    14
 1476    96   100    96   100
 1477     3     7     3     7
 1478    46    91    46    91
 1479    16    32    16    32
 1480     0     0     0     0
 1481     0     0     0     0
 1482     5    11     5    11
 1483    17    34    17    34
 1484    77   100    77   100
 1485     0     0     0     0
 1486    23    47    23    47
 1487     0     0     0     0
 1488     0     0     0     0
 1489    24    47    24    47
 1490     0     0     0     0
 1491     0     0     0     0
 1492     0     0     0     0
 1493     0     0     0     0
 1494     0     0     0     0
 1495     0     0     0     0
 1496     0     0     0     0
 1497     0     0     0     0
 1498     0     0     0     0
 1499     0     0     0     0
 1500     0     0     0     0
 1501     0     0     0     0
 1502     0     0     0     0
 1503     0     0     0     0
 1504     0     0     0     0
 1505     4     8     4     8
 1506    15    31    15    31
 1507    17    34    17    34
 1508    44    89    44    89
 1509     0     0     0     0
 1510     0     0     0     0
 1511     0     0     0     0
 1512     0     0     0     0
 1513     0     0     0     0
 1514     0     0     0     0
 1515     0     0     0     0
 1516     0     0     0     0
 1517     0     0     0     0
 1518     0     0     0     0
 1519     4     8     4     8
 1520    18    35    18    35
 1521    16    33    16    33
 1522     1     2     1     2
 1523    24    47    24    47
 1524     0     0     0     0
 1525     0     0     0     0
 1526     0     0     0     0
 1527     0     0     0     0
 1528     0     0     0     0
 1529     0     0     0     0
 1530     0     0     0     0
 1531     0     0     0     0
 1532     0     0     0     0
 1533     0     0     0     0
 1534     1     2     1     2
 1535     0     0     0     0
 1536     0     0     0     0
 1537     0     0     0     0
 1538     0     0     0     0
 1539     2     4     2     4
 1540     2     4     2     4
 1541     0     0     0     0
 1542     0     0     0     0
 1543     0     0     0     0
 1544     0     0     0     0
 1545     4     8     4     8
 1546     0     0     0     0
 1547     0     0     0     0
 1548     0     0     0     0
 1549     0     0     0     0
 1550     0     0     0     0
 1551     0     0     0     0
 1552     0     0     0     0
 1553     0     0     0     0
 1554     0     0     0     0
 1555     0     0     0     0
 1556    12    25    12    25
 1557    44    88    44    88
 1558    82   100    82   100
 1559     4     8     4     8
 1560     0     0     0     0
 1561     0     0     0     0
 1562     0     0     0     0
 1563     0     0     0     0
 1564    27    53    27    53
 1565     5     9     5     9
 1566     6    11     6    11
 1567     0     0     0     0
 1568    21    42    21    42
 1569   100   100   100   100
 1570     0     0     0     0
 1571     0     0     0     0
 1572     0     0     0     0
 1573     0     0     0     0
 1574     0     0     0     0
 1575     0     0     0     0
 1576     0     0     0     0
 1577     0     0     0     0
 1578    22    45    22    45
 1579    97   100    97   100
 1580    85   100    85   100
 1581   100   100   100   100
 1582    19    39    19    39
 1583     0     0     0     0
 1584    92   100    92   100
 1585    72   100    72   100
 1586     0     0     0     0
 1587     0     0     0     0
 1588    15    30    15    30
 1589     0     0     0     0
 1590     0     0     0     0
 1591     0     0     0     0
 1592     0     0     0     0
 1593     0     0     0     0
 1594     0     0     0     0
 1595    10    19    10    19
 1596     0     0     0     0
 1597     0     0     0     0
 1598     0     0     0     0
 1599     0     0     0     0
 1600     0     0     0     0
 1601     0     0     0     0
 1602     0     0     0     0
 1603     0     0     0     0
 1604     0     0     0     0
 1605     0     0     0     0
 1606     0     0     0     0
 1607     0     0     0     0
 1608     0     0     0     0
 1609     0     0     0     0
 1610     0     0     0     0
 1611     0     0     0     0
 1612     0     0     0     0
 1613     0     0     0     0
 1614     0     0     0     0
 1615     0     0     0     0
 1616     0     0     0     0
 1617     0     0     0     0
 1618     0     0     0     0
 1619     0     0     0     0
 1620     0     0     0     0
 1621     0     0     0     0
 1622     0     0     0     0
 1623     0     0     0     0
 1624     0     0     0     0
 1625     0     0     0     0
 1626     0     0     0     0
 1627     0     0     0     0
 1628     0     0     0     0
 1629     0     0     0     0
 1630     0     0     0     0
 1631     0     0     0     0
 1632     0     0     0     0
 1633     0     0     0     0
 1634     0     0     0     0
 1635     0     0     0     0
 1636     0     0     0     0
 1637     0     0     0     0
 1638     0     0     0     0
 1639     0     0     0     0
 1640     0     0     0     0
 1641     0     0     0     0
 1642     0     0     0     0
 1643     0     0     0     0
 1644     0     0     0     0
 1645     0     0     0     0
 1646     0     0     0     0
 1647     0     0     0     0
 1648     0     0     0     0
 1649     0     0     0     0
 1650     0     0     0     0
 1651     0     0     0     0
 1652     0     0     0     0
 1653     0     0     0     0
 1654     0     0     0     0
 1655     0     0     0     0
 1656     0     0     0     0
 1657     0     0     0     0
 1658     0     0     0     0
 1659     0     0     0     0
 1660     0     0     0     0
 1661     0     0     0     0
 1662     0     0     0     0
 1663     0     0     0     0
 1664     0     0     0     0
 1665     0     0     0     0
 1666     0     0     0     0
 1667     0     0     0     0
 1668     0     0     0     0
 1669     0     0     0     0
 1670     0     0     0     0
 1671     0     0     0     0
 1672     0     0     0     0
 1673     0     0     0     0
 1674     0     0     0     0
 1675     0     0     0     0
 1676     0     0     0     0
 1677     0     0     0     0
 1678     0     0     0     0
 1679     0     0     0     0
 1680     0     0     0     0
 1681     0     0     0     0
 1682     0     0     0     0
 1683     0     0     0     0
 1684     0     0     0     0
 1685     0     0     0     0
 1686     0     0     0     0
 1687     0     0     0     0
 1688     0     0     0     0
 1689     0     0     0     0
 1690     0     0     0     0
 1691     0     0     0     0
 1692     0     0     0     0
 1693     0     0     0     0
 1694     0     0     0     0
 1695     0     0     0     0
 1696     0     0     0     0
 1697     0     0     0     0
 1698     0     0     0     0
 1699     0     0     0     0
 1700     0     0     0     0
 1701     0     0     0     0
 1702     0     0     0     0
 1703     0     0     0     0
 1704     0     0     0     0
 1705     0     0     0     0
 1706     0     0     0     0
 1707     0     0     0     0
 1708     0     0     0     0
 1709     0     0     0     0
 1710     0     0     0     0
 1711     0     0     0     0
 1712     0     0     0     0
 1713     0     0     0     0
 1714     0     0     0     0
 1715     0     0     0     0
 1716     0     0     0     0
 1717     0     0     0     0
 1718     0     0     0     0
 1719     0     0     0     0
 1720     0     0     0     0
 1721     0     0     0     0
 1722     0     0     0     0
 1723     0     0     0     0
 1724     0     0     0     0
 1725     0     0     0     0
 1726     0     0     0     0
 1727     0     0     0     0
 1728     0     0     0     0
 1729     0     0     0     0
 1730     0     0     0     0
 1731     0     0     0     0
 1732     0     0     0     0
 1733     0     0     0     0
 1734     0     0     0     0
 1735     0     0     0     0
 1736     0     0     0     0
 1737     0     0     0     0
 1738     0     0     0     0
 1739     0     0     0     0
 1740     0     0     0     0
 1741     0     0     0     0
 1742     0     0     0     0
 1743     0     0     0     0
 1744     0     0     0     0
 1745     0     0     0     0
 1746     0     0     0     0
 1747     0     0     0     0
 1748     0     0     0     0
 1749     0     0     0     0
 1750     0     0     0     0
 1751     0     0     0     0
 1752     0     0     0     0
 1753     0     0     0     0
 1754     0     0     0     0
 1755     0     0     0     0
 1756     0     0     0     0
 1757     0     0     0     0
 1758     0     0     0     0
 1759     0     0     0     0
 1760     0     0     0     0
 1761     0     0     0     0
 1762     0     0     0     0
 1763     0     0     0     0
 1764     0     0     0     0
 1765     0     0     0     0
 1766     0     0     0     0
 1767     0     0     0     0
 1768     0     0     0     0
 1769     0     0     0     0
 1770     0     0     0     0
 1771     0     0     0     0
 1772     0     0     0     0
 1773     0     0     0     0
 1774     0     0     0     0
 1775     0     0     0     0
 1776     0     0     0     0
 1777     0     0     0     0
 1778     0     0     0     0
 1779     0     0     0     0
 1780     0     0     0     0
 1781     0     0     0     0
 1782     0     0     0     0
 1783     0     0     0     0
 1784     0     0     0     0
 1785     0     0     0     0
 1786     0     0     0     0
 1787     0     0     0     0
 1788     0     0     0     0
 1789     0     0     0     0
 1790     0     0     0     0
 1791     0     0     0     0
 1792     0     0     0     0
 1793     0     0     0     0
 1794     0     0     0     0
 1795     0     0     0     0
 1796     0     0     0     0
 1797     0     0     0     0
 1798     0     0     0     0
 1799     0     0     0     0
 1800     0     0     0     0
 1801     0     0     0     0
 1802     0     0     0     0
 1803     0     0     0     0
 1804     0     0     0     0
 1805     0     0     0     0
 1806     0     0     0     0
 1807     0     0     0     0
 1808     0     0     0     0
 1809     0     0     0     0
 1810     0     0     0     0
 1811     0     0     0     0
 1812     0     0     0     0
 1813     0     0     0     0
 1814     0     0     0     0
 1815     0     0     0     0
 1816     0     0     0     0
 1817     0     0     0     0
 1818     0     0     0     0
 1819     0     0     0     0
 1820     0     0     0     0
 1821     0     0     0     0
 1822     0     0     0     0
 1823     0     0     0     0
 1824     0     0     0     0
 1825     0     0     0     0
 1826     0     0     0     0
 1827     0     0     0     0
 1828     0     0     0     0
 1829     0     0     0     0
 1830     0     0     0     0
 1831     0     0     0     0
 1832     0     0     0     0
 1833     0     0     0     0
 1834     0     0     0     0
 1835     0     0     0     0
 1836     0     0     0     0
 1837     0     0     0     0
 1838     0     0     0     0
 1839     0     0     0     0
 1840     0     0     0     0
 1841     0     0     0     0
 1842     0     0     0     0
 1843     0     0     0     0
 1844     0     0     0     0
 1845     0     0     0     0
 1846     0     0     0     0
 1847     0     0     0     0
 1848     0     0     0     0
 1849     0     0     0     0
 1850     0     0     0     0
 1851     0     0     0     0
 1852     0     0     0     0
 1853     0     0     0     0
 1854     0     0     0     0
 1855     0     0     0     0
 1856     0     0     0     0
 1857     0     0     0     0
 1858     0     0     0     0
 1859     0     0     0     0
 1860     0     0     0     0
 1861     0     0     0     0
 1862     0     0     0     0
 1863     0     0     0     0
 1864     0     0     0     0
 1865     0     0     0     0
 1866     0     0     0     0
 1867     0     0     0     0
 1868     0     0     0     0
 1869     0     0     0     0
 1870     0     0     0     0
 1871     0     0     0     0
 1872     0     0     0     0
 1873     0     0     0     0
 1874     0     0     0     0
 1875     0     0     0     0
 1876     0     0     0     0
 1877     0     0     0     0
 1878     0     0     0     0
 1879     0     0     0     0
 1880     0     0     0     0
 1881     0     0     0     0
 1882     0     0     0     0
 1883     0     0     0     0
 1884     0     0     0     0
 1885     0     0     0     0
 1886     0     0     0     0
 1887     0     0     0     0
 1888     0     0     0     0
 1889     0     0     0     0
 1890     0     0     0     0
 1891     0     0     0     0
 1892     0     0     0     0
 1893     0     0     0     0
 1894     0     0     0     0
 1895     0     0     0     0
 1896     0     0     0     0
 1897     0     0     0     0
 1898     0     0     0     0
 1899     0     0     0     0
 1900    31    63    31    63
 1901     0     0     0     0
 1902    23    45    23    45
 1903     0     0     0     0
 1904    35    69    35    69
 1905    42    83    42    83
 1906     0     0     0     0
 1907     0     0     0     0
 1908    83   100    83   100
 1909     0     0     0     0
 1910    60   100    60   100
 1911     0     0     0     0
 1912     0     0     0     0
 1913     0     0     0     0
 1914     0     0     0     0
 1915    99   100    99   100
 1916    24    48    24    48
 1917     0     0     0     0
 1918     1     1     1     1
 1919     0     0     0     0
 1920     0     0     0     0
 1921    84   100    84   100
 1922     0     0     0     0
 1923   100   100   100   100
 1924     0     0     0     0
 1925    48    96    48    96
 1926     4     8     4     8
 1927     0     0     0     0
 1928   100   100   100   100
 1929   100   100   100   100
 1930     0     0     0     0
 1931     0     0     0     0
 1932    93   100    93   100
 1933     0     0     0     0
 1934   100   100   100   100
 1935   100   100   100   100
 1936    59   100    59   100
 1937     0     0     0     0
 1938    31    63    31    63
 1939   100   100   100   100
 1940   100   100   100   100
 1941     2     3     2     3
 1942    48    96    48    96
 1943   100   100   100   100
 1944   100   100   100   100
 1945    98   100    98   100
 1946     0     0     0     0
 1947   100   100   100   100
 1948   100   100   100   100
 1949    11    22    11    22
 1950     3     6     3     6
 1951    57   100    57   100
 1952    96   100    96   100
 1953     6    13     6    13
 1954    82   100    82   100
 1955     0     1     0     1
 1956     5    10     5    10
 1957    92   100    92   100
 1958   100   100   100   100
 1959   100   100   100   100
 1960   100   100   100   100
 1961    88   100    88   100
 1962   100   100   100   100
 1963    46    92    46    92
 1964   100   100   100   100
 1965   100   100   100   100
 1966    91   100    91   100
 1967    41    83    41    83
 1968     0     0     0     0
 1969    58   100    58   100
 1970    51   100    51   100
 1971   100   100   100   100
 1972   100   100   100   100
 1973   100   100   100   100
 1974   100   100   100   100
 1975   100   100   100   100
 1976   100   100   100   100
 1977   100   100   100   100
 1978   100   100   100   100
 1979   100   100   100   100
 1980   100   100   100   100
 1981   100   100   100   100
 1982    95   100    95   100
 1983    40    79    40    79
 1984    99   100    99   100
 1985   100   100   100   100
 1986    47    95    47    95
 1987   100   100   100   100
 1988    99   100    99   100
 1989    28    55    28    55
 1990    83   100    83   100
 1991    48    97    48    97
 1992   100   100   100   100
 1993    66   100    66   100
 1994    20    41    20    41
 1995    93   100    93   100
 1996   100   100   100   100
 1997    41    81    41    81
 1998    62   100    62   100
 1999   100   100   100   100
 2000   100   100   100   100
 2001   100   100   100   100
 2002   100   100   100   100
 2003   100   100   100   100
 2004   100   100   100   100
 2005   100   100   100   100
 2006   100   100   100   100
 2007   100   100   100   100
 2008   100   100   100   100
 2009   100   100   100   100
 2010   100   100   100   100
 2011   100   100   100   100
 2012     0     0     0     0
 2013   100   100   100   100
 2014   100   100   100   100
 2015   100   100   100   100
 2016   100   100   100   100
 2017    66   100    66   100
 2018   100   100   100   100
 2019   100   100   100   100
 2020   100   100   100   100
 2021   100   100   100   100
 2022     0     0     0     0
 2023     0     0     0     0
 2024     0     1     0     1
 2025    79   100    79   100
 2026    72   100    72   100
 2027   100   100   100   100
 2028   100   100   100   100
 2029   100   100   100   100
 2030    75   100    75   100
 2031   100   100   100   100
 2032   100   100   100   100
 2033   100   100   100   100
 2034   100   100   100   100
 2035   100   100   100   100
 2036     0     0     0     0
 2037    92   100    92   100
 2038   100   100   100   100
 2039   100   100   100   100
 2040   100   100   100   100
 2041   100   100   100   100
 2042   100   100   100   100
 2043     0     0     0     0
 2044   100   100   100   100
 2045   100   100   100   100
 2046   100   100   100   100
 2047     0     0     0     0
 2048   100   100   100   100
 2049     0     0     0     0
 2050    22    44    22    44
 2051   100   100   100   100
 2052    98   100    98   100
 2053   100   100   100   100
 2054   100   100   100   100
 2055   100   100   100   100
 2056    57   100    57   100
 2057    37    74    37    74
 2058    95   100    95   100
 2059   100   100   100   100
 2060     0     0     0     0
 2061     0     0     0     0
 2062     0     0     0     0
 2063     0     0     0     0
 2064    94   100    94   100
 2065   100   100   100   100
 2066   100   100   100   100
 2067   100   100   100   100
 2068    94   100    94   100
 2069   100   100   100   100
 2070    45    89    45    89
 2071    21    42    21    42
 2072     0     0     0     0
 2073    93   100    93   100
 2074    36    71    36    71
 2075    45    91    45    91
 2076   100   100   100   100
 2077    44    87    44    87
 2078     0     0     0     0
 2079     7    14     7    14
 2080     0     0     0     0
 2081    96   100    96   100
 2082    22    45    22    45
 2083     0     0     0     0
 2084     0     0     0     0
 2085     3     7     3     7
 2086    42    83    42    83
 2087     0     0     0     0
 2088     4     8     4     8
 2089    97   100    97   100
 2090    82   100    82   100
 2091     0     0     0     0
 2092    14    29    14    29
 2093   100   100   100   100
 2094     0     0     0     0
 2095     0     0     0     0
 2096     0     0     0     0
 2097    31    62    31    62
 2098     0     0     0     0
 2099    17    35    17    35
 2100   100   100   100   100
 2101     9    19     9    19
 2102    18    37    18    37
 2103   100   100   100   100
 2104   100   100   100   100
 2105    39    79    39    79
 2106   100   100   100   100
 2107   100   100   100   100
 2108   100   100   100   100
 2109   100   100   100   100
 2110   100   100   100   100
 2111   100   100   100   100
 2112   100   100   100   100
 2113   100   100   100   100
 2114   100   100   100   100
 2115   100   100   100   100
 2116   100   100   100   100
 2117   100   100   100   100
 2118   100   100   100   100
 2119   100   100   100   100
 2120   100   100   100   100
 2121   100   100   100   100
 2122   100   100   100   100
 2123   100   100   100   100
 2124   100   100   100   100
 2125   100   100   100   100
 2126   100   100   100   100
 2127   100   100   100   100
 2128   100   100   100   100
 2129   100   100   100   100
 2130   100   100   100   100
 2131   100   100   100   100
 2132   100   100   100   100
 2133   100   100   100   100
 2134   100   100   100   100
 2135   100   100   100   100
 2136   100   100   100   100
 2137   100   100   100   100
 2138   100   100   100   100
 2139   100   100   100   100
 2140   100   100   100   100
 2141   100   100   100   100
 2142   100   100   100   100
 2143   100   100   100   100
 2144   100   100   100   100
 2145   100   100   100   100
 2146   100   100   100   100
 2147   100   100   100   100
 2148   100   100   100   100
 2149   100   100   100   100
 2150   100   100   100   100
 2151   100   100   100   100
 2152   100   100   100   100
 2153   100   100   100   100
 2154   100   100   100   100
 2155   100   100   100   100
 2156   100   100   100   100
 2157   100   100   100   100
 2158   100   100   100   100
 2159   100   100   100   100
 2160   100   100   100   100
 2161   100   100   100   100
 2162   100   100   100   100
 2163   100   100   100   100
 2164   100   100   100   100
 2165   100   100   100   100
 2166   100   100   100   100
 2167    89   100    89   100
 2168     0     0     0     0
 2169   100   100   100   100
 2170   100   100   100   100
 2171    94   100    94   100
 2172   100   100   100   100
 2173   100   100   100   100
 2174   100   100   100   100
 2175    99   100    99   100
 2176   100   100   100   100
 2177    88   100    88   100
 2178     9    18     9    18
 2179     0     0     0     0
 2180   100   100   100   100
 2181    99   100    99   100
 2182   100   100   100   100
 2183    89   100    89   100
 2184   100   100   100   100
 2185   100   100   100   100
 2186   100   100   100   100
 2187   100   100   100   100
 2188   100   100   100   100
 2189   100   100   100   100
 2190   100   100   100   100
 2191   100   100   100   100
 2192   100   100   100   100
 2193   100   100   100   100
 2194    80   100    80   100
 2195   100   100   100   100
 2196   100   100   100   100
 2197   100   100   100   100
 2198   100   100   100   100
 2199    99   100    99   100
 2200   100   100   100   100
 2201   100   100   100   100
 2202   100   100   100   100
 2203   100   100   100   100
 2204   100   100   100   100
 2205     1     3     1     3
 2206     0     0     0     0
 2207   100   100   100   100
 2208   100   100   100   100
 2209    81   100    81   100
 2210    58   100    58   100
 2211    36    72    36    72
 2212   100   100   100   100
 2213   100   100   100   100
 2214    31    61    31    61
 2215   100   100   100   100
 2216   100   100   100   100
 2217   100   100   100   100
 2218   100   100   100   100
 2219   100   100   100   100
 2220   100   100   100   100
 2221   100   100   100   100
 2222   100   100   100   100
 2223   100   100   100   100
 2224   100   100   100   100
 2225   100   100   100   100
 2226   100   100   100   100
 2227   100   100   100   100
 2228   100   100   100   100
 2229   100   100   100   100
 2230   100   100   100   100
 2231   100   100   100   100
 2232   100   100   100   100
 2233   100   100   100   100
 2234   100   100   100   100
 2235    50    99    50    99
 2236   100   100   100   100
 2237   100   100   100   100
 2238   100   100   100   100
 2239    84   100    84   100
 2240   100   100   100   100
 2241    98   100    98   100
 2242   100   100   100   100
 2243   100   100   100   100
 2244   100   100   100   100
 2245   100   100   100   100
 2246   100   100   100   100
 2247   100   100   100   100
 2248   100   100   100   100
 2249   100   100   100   100
 2250   100   100   100   100
 2251   100   100   100   100
 2252   100   100   100   100
 2253    65   100    65   100
 2254   100   100   100   100
 2255    93   100    93   100
 2256   100   100   100   100
 2257    69   100    69   100
 2258   100   100   100   100
 2259   100   100   100   100
 2260    71   100    71   100
 2261   100   100   100   100
 2262    99   100    99   100
 2263    66   100    66   100
 2264   100   100   100   100
 2265   100   100   100   100
 2266   100   100   100   100
 2267   100   100   100   100
 2268    77   100    77   100
 2269    11    22    11    22
 2270   100   100   100   100
 2271    73   100    73   100
 2272    52   100    52   100
 2273    66   100    66   100
 2274   100   100   100   100
 2275   100   100   100   100
 2276    73   100    73   100
 2277     0     0     0     0
 2278     0     0     0     0
 2279    25    49    25    49
 2280    93   100    93   100
 2281    99   100    99   100
 2282   100   100   100   100
 2283   100   100   100   100
 2284     0     1     0     1
 2285    90   100    90   100
 2286   100   100   100   100
 2287   100   100   100   100
 2288    89   100    89   100
 2289   100   100   100   100
 2290   100   100   100   100
 2291    91   100    91   100
 2292   100   100   100   100
 2293    98   100    98   100
 2294    55   100    55   100
 2295    12    24    12    24
 2296   100   100   100   100
 2297    94   100    94   100
 2298    40    79    40    79
 2299   100   100   100   100
 2300     0     0     0     0
 2301    91   100    91   100
 2302    57   100    57   100
 2303    92   100    92   100
 2304     5     9     5     9
 2305     2     5     2     5
 2306    54   100    54   100
 2307     4     8     4     8
 2308    86   100    86   100
 2309    91   100    91   100
 2310   100   100   100   100
 2311    89   100    89   100
 2312    97   100    97   100
 2313    12    24    12    24
 2314    26    53    26    53
 2315    78   100    78   100
 2316    10    19    10    19
 2317   100   100   100   100
 2318    92   100    92   100
 2319     0     0     0     0
 2320     0     0     0     0
 2321     0     0     0     0
 2322   100   100   100   100
 2323     0     0     0     0
 2324     0     0     0     0
 2325    24    49    24    49
 2326    19    38    19    38
 2327    25    50    25    50
 2328    64   100    64   100
 2329    59   100    59   100
 2330    68   100    68   100
 2331     0     0     0     0
 2332     8    16     8    16
 2333    29    58    29    58
 2334    11    23    11    23
 2335    23    45    23    45
 2336    32    64    32    64
 2337    41    81    41    81
 2338    56   100    56   100
 2339    57   100    57   100
 2340     0     0     0     0
 2341    48    95    48    95
 2342    23    47    23    47
 2343     0     0     0     0
 2344     0     0     0     0
 2345     0     0     0     0
 2346    12    24    12    24
 2347    73   100    73   100
 2348    20    39    20    39
 2349     0     0     0     0
 2350     0     0     0     0
 2351    32    65    32    65
 2352     9    19     9    19
 2353     0     0     0     0
 2354    72   100    72   100
 2355    15    30    15    30
 2356     8    16     8    16
 2357    32    64    32    64
 2358    27    54    27    54
 2359    26    52    26    52
 2360     0     0     0     0
 2361    53   100    53   100
 2362    89   100    89   100
 2363    18    36    18    36
 2364    24    49    24    49
 2365    98   100    98   100
 2366    78   100    78   100
 2367     5    11     5    11
 2368     0     0     0     0
 2369     0     0     0     0
 2370     0     0     0     0
 2371     0     0     0     0
 2372     0     0     0     0
 2373     0     0     0     0
 2374     0     0     0     0
 2375     4     8     4     8
 2376     0     0     0     0
 2377    53   100    53   100
 2378    20    41    20    41
 2379    37    74    37    74
 2380     0     0     0     0
 2381    27    54    27    54
 2382     0     0     0     0
 2383     0     0     0     0
 2384     0     0     0     0
 2385     0     0     0     0
 2386     0     0     0     0
 2387     0     0     0     0
 2388     0     0     0     0
 2389     0     0     0     0
 2390     0     0     0     0
 2391     0     0     0     0
 2392     0     0     0     0
 2393     0     0     0     0
 2394     0     0     0     0
 2395     0     0     0     0
 2396     0     0     0     0
 2397     0     0     0     0
 2398     0     0     0     0
 2399     0     0     0     0
 2400     0     0     0     0
 2401     0     0     0     0
 2402     0     0     0     0
 2403     0     0     0     0
 2404     0     0     0     0
 2405     0     0     0     0
 2406     0     0     0     0
 2407     0     0     0     0
 2408     0     0     0     0
 2409     0     0     0     0
 2410     0     0     0     0
 2411     0     0     0     0
 2412     0     0     0     0
 2413     0     0     0     0
 2414     0     0     0     0
 2415     0     0     0     0
 2416     0     0     0     0
 2417     0     0     0     0
 2418     0     0     0     0
 2419     0     0     0     0
 2420     0     0     0     0
 2421     0     0     0     0
 2422     0     0     0     0
 2423     0     0     0     0
 2424     0     0     0     0
 2425     0     0     0     0
 2426     0     0     0     0
 2427     0     0     0     0
 2428     0     0     0     0
 2429     0     0     0     0
 2430     0     0     0     0
 2431     0     0     0     0
 2432     0     0     0     0
 2433     0     0     0     0
 2434     0     0     0     0
 2435     0     0     0     0
 2436     0     0     0     0
 2437     0     0     0     0
 2438     0     0     0     0
 2439     0     0     0     0
 2440     0     0     0     0
 2441     0     0     0     0
 2442     0     0     0     0
 2443     0     0     0     0
 2444     0     0     0     0
 2445     0     0     0     0
 2446     0     0     0     0
 2447     0     0     0     0
 2448     0     0     0     0
 2449     0     0     0     0
 2450     0     0     0     0
 2451     2     4     2     4
 2452     2     4     2     4
 2453     0     0     0     0
 2454    12    24    12    24
 2455     2     4     2     4
 2456     0     0     0     0
 2457     0     0     0     0
 2458     0     0     0     0
 2459     0     0     0     0
 2460     4     8     4     8
 2461     0     0     0     0
 2462     0     0     0     0
 2463     2     4     2     4
 2464     2     4     2     4
 2465     0     0     0     0
 2466     0     0     0     0
 2467    28    55    28    55
 2468    26    52    26    52
 2469    91   100    91   100
 2470    76   100    76   100
 2471   100   100   100   100
 2472   100   100   100   100
 2473    18    37    18    37
 2474     8    17     8    17
 2475     2     4     2     4
 2476     2     4     2     4
 2477    28    56    28    56
 2478     3     6     3     6
 2479    12    24    12    24
 2480    12    23    12    23
 2481     6    13     6    13
 2482    10    20    10    20
 2483     0     0     0     0
 2484     7    14     7    14
 2485    17    34    17    34
 2486    17    34    17    34
 2487     2     5     2     5
 2488    15    31    15    31
 2489     7    14     7    14
 2490     0     0     0     0
 2491    19    38    19    38
 2492     0     0     0     0
 2493    99   100    99   100
 2494    32    64    32    64
